int
0
38
<<<<<<< HEAD
67
96
125
154
190
222
254
297
329
361
404
452
500
571
600
629
664
693
722
757
794
831
878
907
936
972
1001
1030
1066
1101
1136
1186
1218
1250
1301
1333
1365
1416
1473
1530
1607
1643
1679
1728
1764
1800
1849
1903
1957
2034
2064
2094
2123
2153
2183
2212
2242
2272
2312
2348
2384
2435
2471
2507
2558
2615
2672
2749
2779
2809
2848
2878
2908
2947
2987
3027
3078
=======
68
98
128
163
209
239
285
320
350
385
431
471
522
589
635
702
769
799
845
880
926
993
1060
1100
1167
1218
1248
1279
1316
1349
1387
1438
1476
1527
1575
1608
1646
1697
1739
1789
1861
1912
1984
2056
2094
2145
2193
2244
2316
2388
2439
2511
2583
2613
2650
2681
2719
2767
2818
2851
2902
2940
2978
3026
3077
3128
3200
3272
3323
3395
3467
3500
3551
3589
3640
3712
3784
3826
3898
3948
>>>>>>> aea9860927cf4b779f5bda26fb65a58d9e991a5c
