int
0
0
1
78
0
0
2
78
3
4
5
78
78
78
78
78
6
7
8
78
9
10
11
78
12
13
14
78
78
78
78
78
15
16
17
78
18
19
20
78
21
22
23
78
78
78
78
78
78
78
78
78
78
78
78
78
78
78
78
78
78
78
78
78
24
25
26
78
27
28
29
78
30
31
32
78
78
78
78
78
33
34
35
78
36
37
38
78
39
40
41
78
78
78
78
78
42
43
44
78
45
46
47
78
48
49
50
78
78
78
78
78
78
78
78
78
78
78
78
78
78
78
78
78
78
78
78
78
51
52
53
78
54
55
56
78
57
58
59
78
78
78
78
78
60
61
62
78
63
64
65
78
66
67
68
78
78
78
78
78
69
70
71
78
72
73
74
78
75
76
77
78
78
78
78
78
78
78
78
78
78
78
78
78
78
78
78
78
78
78
78
78
78
78
78
78
78
78
78
78
78
78
78
78
78
78
78
78
78
78
78
78
78
78
78
78
78
78
78
78
78
78
78
78
78
78
78
78
78
78
78
78
78
78
78
78
78
78
78
78
78
78
78
78
78
78
78
78
78
78
78
78
78
78
78
78
