int
2101
2097
2048
2093
2089
2064
2073
2069
2060
0
0
2056
3658
3691
2120
0
0
2084
0
0
2080
0
0
2076
3654
3687
2052
0
2104
3680
3648
3616
3584
2116
2112
2108
3590
7719
3587
2119
2056
2115
2111
2120
3621
2103
2084
3685
3658
2080
2053
2099
2076
2049
2104
3680
3648
3616
3588
2065
3690
2095
2061
2091
2075
2071
7750
3587
2119
2056
2115
2111
2120
3621
2103
2084
3685
3658
2080
2053
2099
2076
2049
2104
3680
3648
3616
3588
2065
3690
2095
2061
2091
2075
2071
7750
3587
2119
2056
2115
2111
2120
3589
2103
2084
3685
3658
2080
2053
2099
2076
2049
2104
3680
3648
3620
3616
2065
3690
2095
2061
2091
2075
2071
7750
3587
2119
2056
2115
2111
2120
3589
2103
2084
3685
3658
2080
2053
2099
2076
2049
2104
3680
3648
3620
3616
2065
3690
2095
2061
2091
2075
2071
7750
0
0
2087
0
0
2051
3616
3685
2059
0
0
2055
3658
2064
2077
2123
0
2107
3683
3651
3584
2061
3690
3623
3591
2119
2115
2080
2069
2111
2103
2099
3654
2095
2091
6171
0
0
2064
2079
0
2060
3685
2107
2056
3689
3622
2120
2053
3683
2084
2049
3659
2080
3653
3590
3651
3619
3587
2119
2115
2111
2103
2099
2095
2091
2075
6167
0
0
2064
2079
0
2060
3685
2107
2056
3689
3622
2120
2053
3683
2084
2049
3659
2080
3653
3590
3651
3619
3587
2119
2115
2111
2103
2099
2095
2091
2075
6167
0
0
0
0
0
0
0
0
0
2052
2077
2087
3622
0
2063
0
0
2123
0
3584
3653
2083
3690
2107
3683
3659
3619
3591
2119
2064
3649
2115
3686
2111
2103
2099
2095
2091
2071
2048
2073
0
6154
0
0
2064
2079
0
2060
3685
2107
2056
3689
3622
2120
2053
3683
2084
2049
3659
2080
3653
3590
3651
3619
3587
2119
2115
2111
2103
2099
2095
2091
2075
6167
0
0
2064
2079
0
2060
3685
2107
2056
3689
3622
2120
2053
3683
2084
2049
3659
2080
3653
3590
3651
3619
3587
2119
2115
2111
2103
2099
2095
2091
2075
6167
0
0
0
0
0
0
0
0
0
2052
2077
2087
3622
0
2063
0
0
2123
0
3584
3653
2083
3690
2107
3683
3659
3619
3591
2119
2064
3649
2115
3686
2111
2103
2099
2095
2091
2071
2048
2073
0
6154
0
0
0
0
0
0
0
0
0
3616
2069
2082
3591
0
0
0
0
0
0
2060
3653
2054
3691
0
2066
0
0
2122
0
2056
3649
2078
3687
2106
3682
3658
3622
3586
2118
2084
2049
2114
2110
2102
2098
2094
2090
6171
0
0
0
0
0
0
0
0
0
3616
2069
2082
3591
0
0
0
0
0
0
2060
3653
2054
3691
0
2066
0
0
2122
0
2056
3649
2078
3687
2106
3682
3658
3622
3586
2118
2084
2049
2114
2110
2102
2098
2094
2090
6171
0
0
0
0
0
0
0
0
0
0
0
0
0
2080
2061
2070
3691
0
0
0
0
0
0
0
0
0
2048
0
3585
3650
3687
0
0
0
0
0
0
0
0
2052
0
0
2057
2066
2079
0
0
0
0
0
0
0
3652
0
0
2120
2085
2104
3680
3656
3620
3588
2116
2112
2108
2100
2096
2092
2088
3618
6171
3655
3651
2056
3685
3619
2120
2053
3690
2084
3657
3587
2080
2049
3590
2076
2065
2104
3680
2061
3622
2119
2115
2111
2103
2099
2095
2091
2075
6167
3655
3651
2056
3685
3619
2120
2053
3690
2084
3657
3587
2080
2049
3590
2076
2065
2104
3680
2061
3622
2119
2115
2111
2103
2099
2095
2091
2075
6167
0
0
2051
0
0
2063
2056
2065
2055
3690
0
2123
0
2084
2077
2107
3683
3655
3619
3622
3584
2073
3591
2080
2119
2115
3656
3686
3649
2111
2103
2099
2095
2091
6167
3655
3651
2056
3685
3619
2120
2053
3690
2084
3657
3587
2080
2049
3590
2076
2065
2104
3680
2061
3622
2119
2115
2111
2103
2099
2095
2091
2075
6167
3655
3651
2056
3685
3619
2120
2053
3690
2084
3657
3587
2080
2049
3590
2076
2065
2104
3680
2061
3622
2119
2115
2111
2103
2099
2095
2091
2075
6167
0
0
2051
0
0
2063
2056
2065
2055
3690
0
2123
0
2084
2077
2107
3683
3655
3619
3622
3584
2073
3591
2080
2119
2115
3656
3686
3649
2111
2103
2099
2095
2091
6167
0
0
2078
0
0
3658
2080
2069
2066
3691
0
2054
0
3616
2057
2050
0
0
2122
3591
2060
2085
2106
3682
3654
3622
3586
2072
3649
2118
2114
2110
2102
2098
2094
2090
7783
0
0
2078
0
0
3658
2080
2069
2066
3691
0
2054
0
3616
2057
2050
0
0
2122
3591
2060
2085
2106
3682
3654
3622
3586
2072
3649
2118
2114
2110
2102
2098
2094
2090
7783
0
0
0
0
0
0
0
0
0
0
2060
2069
2083
3690
0
2051
0
0
3659
0
0
3584
3649
2123
3686
0
2055
0
2107
3683
3655
3623
2056
2065
3591
2078
2119
2115
2111
2103
2099
2095
2091
2084
3617
0
6170
3683
3651
2056
2053
3619
2120
3685
3622
2084
2049
3587
2080
3657
3654
2076
2065
2104
3688
2061
3590
2119
2115
2111
2103
2099
2095
2091
2075
6167
3683
3651
2056
2053
3619
2120
3685
3622
2084
2049
3587
2080
3657
3654
2076
2065
2104
3688
2061
3590
2119
2115
2111
2103
2099
2095
2091
2075
6167
0
0
2083
0
0
2063
2088
2077
2059
3658
0
2087
0
2048
3685
2123
0
2107
3691
3654
3584
3681
3651
3619
3591
2119
2115
2064
2053
3622
2111
2103
2099
2095
2075
6167
3683
3651
2056
2053
3619
2120
3685
3622
2084
2049
3587
2080
3657
3654
2076
2065
2104
3688
2061
3590
2119
2115
2111
2103
2099
2095
2091
2075
6167
3683
3651
2056
2053
3619
2120
3685
3622
2084
2049
3587
2080
3657
3654
2076
2065
2104
3688
2061
3590
2119
2115
2111
2103
2099
2095
2091
2075
6167
0
0
2083
0
0
2063
2088
2077
2059
3658
0
2087
0
2048
3685
2123
0
2107
3691
3654
3584
3681
3651
3619
3591
2119
2115
2064
2053
3622
2111
2103
2099
2095
2075
6167
0
0
2059
0
0
2067
2088
3617
2087
3658
0
2123
0
3684
2061
2107
3691
3651
3623
3654
3680
2049
3587
2119
2115
2111
2103
2052
2069
3590
2099
2077
2095
2075
6176
0
0
2059
0
0
2067
2088
3617
2087
3658
0
2123
0
3684
2061
2107
3691
3651
3623
3654
3680
2049
3587
2119
2115
2111
2103
2052
2069
3590
2099
2077
2095
2075
6176
0
0
0
0
0
0
0
0
0
3687
2076
3681
0
3654
0
0
0
0
0
2055
0
3584
2065
2087
0
0
2123
3658
0
2059
0
2107
2060
2081
3691
3651
3623
3591
2070
2119
2115
2111
2048
2103
3617
2099
2095
2075
0
6186
0
0
2122
3648
2073
2054
2076
0
2057
3684
2082
3623
2048
3681
2106
3652
3690
2089
2064
3658
3618
2060
2085
3586
2118
2114
2110
2102
2098
2094
2070
7687
0
0
2122
3648
2073
2054
2076
0
2057
3684
2082
3623
2048
3681
2106
3652
3690
2089
2064
3658
3618
2060
2085
3586
2118
2114
2110
2102
2098
2094
2070
7687
0
0
0
0
0
0
0
0
0
0
2048
2053
2058
3623
0
0
0
0
0
0
0
3584
3653
2078
2075
0
2082
0
0
2122
0
0
2088
3649
2062
3687
2106
3690
3658
3618
3590
2118
2114
2084
2065
2110
2102
2098
2094
2070
7779
0
0
2122
3648
2073
2054
2076
0
2057
3684
2082
3623
2048
3681
2106
3652
3690
2089
2064
3658
3618
2060
2085
3586
2118
2114
2110
2102
2098
2094
2070
7687
0
0
2122
3648
2073
2054
2076
0
2057
3684
2082
3623
2048
3681
2106
3652
3690
2089
2064
3658
3618
2060
2085
3586
2118
2114
2110
2102
2098
2094
2070
7687
0
0
0
0
0
0
0
0
0
0
2048
2053
2058
3623
0
0
0
0
0
0
0
3584
3653
2078
2075
0
2082
0
0
2122
0
0
2088
3649
2062
3687
2106
3690
3658
3618
3590
2118
2114
2084
2065
2110
2102
2098
2094
2070
7779
0
0
0
0
0
0
0
0
0
0
2052
3617
2062
3591
0
0
0
0
0
0
0
2072
2089
3654
2051
0
0
0
0
0
0
0
2068
2085
3650
2076
3687
0
2120
0
0
2064
0
2104
3688
3656
3620
3584
2116
2112
2108
2100
2096
2092
2081
2058
7779
0
0
0
0
0
0
0
0
0
0
2052
3617
2062
3591
0
0
0
0
0
0
0
2072
2089
3654
2051
0
0
0
0
0
0
0
2068
2085
3650
2076
3687
0
2120
0
0
2064
0
2104
3688
3656
3620
3584
2116
2112
2108
2100
2096
2092
2081
2058
7779
0
0
0
0
0
0
0
0
0
0
0
0
0
2051
2084
3649
2074
0
0
0
0
0
0
0
0
0
0
3655
0
2080
2057
2070
2123
0
2107
3691
3659
3623
3591
2119
2115
2111
2103
2099
2076
3617
3682
2095
0
0
0
0
0
0
0
0
0
0
2052
0
2089
2066
0
0
0
0
0
0
0
0
0
0
3684
0
0
3585
6158
0
0
2079
0
0
2063
2052
3681
2067
3622
0
2083
0
2048
3657
2123
0
2107
3691
3590
2072
2085
3655
3619
3587
2119
2090
2056
3649
2115
2111
2103
2099
3686
2095
6167
0
0
2079
0
0
2063
2052
3681
2067
3622
0
2083
0
2048
3657
2123
0
2107
3691
3590
2072
2085
3655
3619
3587
2119
2090
2056
3649
2115
2111
2103
2099
3686
2095
6167
0
0
0
0
0
0
0
0
0
3659
2076
2089
0
3622
0
0
0
0
0
2055
0
3584
2085
2083
2074
0
2123
0
0
2063
0
2048
2107
3649
3691
2058
3655
3619
3591
2119
2115
3684
2111
2103
2065
2099
3682
2095
6167
0
0
2079
0
0
2063
2052
3681
2067
3622
0
2083
0
2048
3657
2123
0
2107
3691
3590
2072
2085
3655
3619
3587
2119
2090
2056
3649
2115
2111
2103
2099
3686
2095
6167
0
0
2079
0
0
2063
2052
3681
2067
3622
0
2083
0
2048
3657
2123
0
2107
3691
3590
2072
2085
3655
3619
3587
2119
2090
2056
3649
2115
2111
2103
2099
3686
2095
6167
0
0
0
0
0
0
0
0
0
3659
2076
2089
0
3622
0
0
0
0
0
2055
0
3584
2085
2083
2074
0
2123
0
0
2063
0
2048
2107
3649
3691
2058
3655
3619
3591
2119
2115
3684
2111
2103
2065
2099
3682
2095
6167
0
0
0
0
0
0
0
0
0
3684
3617
2082
0
3591
0
0
0
0
0
3656
0
2069
2062
0
2091
0
0
0
0
2048
0
0
2076
2057
3650
2120
2087
0
2064
0
2104
3688
3652
3620
3584
2116
2112
2108
2100
2096
2092
2053
2074
7779
0
0
0
0
0
0
0
0
0
3684
3617
2082
0
3591
0
0
0
0
0
3656
0
2069
2062
0
2091
0
0
0
0
2048
0
0
2076
2057
3650
2120
2087
0
2064
0
2104
3688
3652
3620
3584
2116
2112
2108
2100
2096
2092
2053
2074
7779
0
0
0
0
0
0
0
0
0
0
0
0
3659
0
2084
3649
2074
0
0
0
0
0
0
0
0
2051
0
0
2123
2080
2057
2070
2107
3691
3655
3623
3591
2119
2115
2111
2103
2099
2095
0
2076
3617
3682
0
0
0
0
0
0
0
0
0
0
2052
0
0
2089
2066
0
0
0
0
0
0
0
0
3684
0
0
0
0
3585
6158
0
2104
3684
3680
3648
3616
3584
2116
2112
2108
2100
2096
2092
2088
2072
2068
2057
3654
3659
2121
2066
3691
2085
3622
2055
2081
2062
2051
2077
7686
0
2104
3684
3680
3648
3616
3584
2116
2112
2108
2100
2096
2092
2088
2072
2068
2057
3654
3659
2121
2066
3691
2085
3622
2055
2081
2062
2051
2077
7686
3687
3651
2080
2089
3619
2052
3591
3585
2048
3658
2119
2060
3681
2115
2120
2111
2077
2056
3622
2103
2084
2065
2104
2099
3689
3654
2095
2075
6167
0
2104
3684
3680
3648
3616
3584
2116
2112
2108
2100
2096
2092
2088
2072
2068
2057
3654
3659
2121
2066
3691
2085
3622
2055
2081
2062
2051
2077
7686
0
2104
3684
3680
3648
3616
3584
2116
2112
2108
2100
2096
2092
2088
2072
2068
2057
3654
3659
2121
2066
3691
2085
3622
2055
2081
2062
2051
2077
7686
3687
3651
2080
2089
3619
2052
3591
3585
2048
3658
2119
2060
3681
2115
2120
2111
2077
2056
3622
2103
2084
2065
2104
2099
3689
3654
2095
2075
6167
0
2107
3688
2069
3687
2076
3651
2089
2048
3658
3623
2064
3681
3587
2056
2119
2061
2120
3590
2115
2052
2081
2111
2084
2103
3617
3654
2099
2095
6171
0
2107
3688
2069
3687
2076
3651
2089
2048
3658
3623
2064
3681
3587
2056
2119
2061
2120
3590
2115
2052
2081
2111
2084
2103
3617
3654
2099
2095
6171
0
0
3691
0
0
2051
0
3616
2089
2059
0
0
2055
3658
0
2076
3681
2087
0
0
2123
0
2107
3584
2065
3654
3687
3651
3623
3591
2119
2060
2081
2070
2115
2111
2103
2099
2095
6171
0
0
2079
0
0
2063
2052
3681
2067
3622
0
2083
0
2048
2085
2123
0
2107
3687
3590
2072
3653
3659
3619
3587
2119
3690
2056
3649
2115
2111
2103
2099
2090
2095
6167
0
0
2079
0
0
2063
2052
3681
2067
3622
0
2083
0
2048
2085
2123
0
2107
3687
3590
2072
3653
3659
3619
3587
2119
3690
2056
3649
2115
2111
2103
2099
2090
2095
6167
0
0
0
0
0
0
0
0
0
0
2048
2053
2058
3623
0
0
0
0
0
0
0
3584
3653
2078
3691
0
2082
0
0
2122
0
0
2088
3649
2062
2075
2106
3686
3658
3618
3590
2118
2114
2084
2065
2110
2102
2098
2094
2070
7779
0
0
2079
0
0
2063
2052
3681
2067
3622
0
2083
0
2048
2085
2123
0
2107
3687
3590
2072
3653
3659
3619
3587
2119
3690
2056
3649
2115
2111
2103
2099
2090
2095
6167
0
0
2079
0
0
2063
2052
3681
2067
3622
0
2083
0
2048
2085
2123
0
2107
3687
3590
2072
3653
3659
3619
3587
2119
3690
2056
3649
2115
2111
2103
2099
2090
2095
6167
0
0
0
0
0
0
0
0
0
0
2048
2053
2058
3623
0
0
0
0
0
0
0
3584
3653
2078
3691
0
2082
0
0
2122
0
0
2088
3649
2062
2075
2106
3686
3658
3618
3590
2118
2114
2084
2065
2110
2102
2098
2094
2070
7779
0
0
0
0
0
0
0
0
0
0
2052
3617
2062
3591
0
0
0
0
0
0
0
2072
2089
3654
3691
0
0
0
0
0
0
0
2068
2085
3650
2076
2051
0
2120
0
0
2064
0
2104
3684
3656
3620
3584
2116
2112
2108
2100
2096
2092
2081
2058
7779
0
0
0
0
0
0
0
0
0
0
2052
3617
2062
3591
0
0
0
0
0
0
0
2072
2089
3654
3691
0
0
0
0
0
0
0
2068
2085
3650
2076
2051
0
2120
0
0
2064
0
2104
3684
3656
3620
3584
2116
2112
2108
2100
2096
2092
2081
2058
7779
0
0
0
0
0
0
0
0
0
0
0
0
0
2051
2084
3649
2074
0
0
0
0
0
0
0
0
0
0
3655
0
2080
2057
2070
2123
0
2107
3687
3659
3623
3591
2119
2115
2111
2103
2099
2076
3617
3682
2095
0
0
0
0
0
0
0
0
0
0
3688
0
2089
2066
0
0
0
0
0
0
0
0
0
0
2052
0
0
3585
6158
0
2107
3656
3681
3687
2048
3622
2089
2064
3655
3619
2060
2085
3590
2120
3587
3649
2052
2074
3689
2080
2119
2077
2058
2115
2111
2103
2099
2095
6167
0
2107
3656
3681
3687
2048
3622
2089
2064
3655
3619
2060
2085
3590
2120
3587
3649
2052
2074
3689
2080
2119
2077
2058
2115
2111
2103
2099
2095
6167
0
0
2050
0
0
3658
0
2064
3681
2062
3623
0
2054
0
0
2076
2089
2082
2075
0
2122
0
2106
3584
2085
3686
3688
3654
3618
3590
2118
2114
3649
2110
2102
2098
2094
2070
6155
0
2107
3656
3681
3687
2048
3622
2089
2064
3655
3619
2060
2085
3590
2120
3587
3649
2052
2074
3689
2080
2119
2077
2058
2115
2111
2103
2099
2095
6167
0
2107
3656
3681
3687
2048
3622
2089
2064
3655
3619
2060
2085
3590
2120
3587
3649
2052
2074
3689
2080
2119
2077
2058
2115
2111
2103
2099
2095
6167
0
0
2050
0
0
3658
0
2064
3681
2062
3623
0
2054
0
0
2076
2089
2082
2075
0
2122
0
2106
3584
2085
3686
3688
3654
3618
3590
2118
2114
3649
2110
2102
2098
2094
2070
6155
0
0
3690
0
0
2066
0
2072
3681
3658
3591
0
2054
0
0
3616
2081
2050
2091
0
2078
0
0
2068
2061
2122
2087
2106
3686
3654
3622
2056
3649
3586
2118
2114
2110
2102
2098
6190
0
0
3690
0
0
2066
0
2072
3681
3658
3591
0
2054
0
0
3616
2081
2050
2091
0
2078
0
0
2068
2061
2122
2087
2106
3686
3654
3622
2056
3649
3586
2118
2114
2110
2102
2098
6190
0
0
0
0
0
0
0
0
0
0
0
2088
2061
2074
2079
0
0
3691
0
0
2055
0
0
3584
3649
2070
3659
0
0
2123
0
0
2051
0
2107
2084
2057
3682
3687
3655
3623
3591
2119
2115
2111
2103
2099
2080
3617
2066
6191
0
0
0
0
0
0
0
0
0
0
0
2088
2061
2074
2079
0
0
2123
3691
3687
3659
3655
3623
3584
3649
2070
3591
2119
2115
2111
2107
2103
2099
2095
2055
2084
2057
3682
2051
0
0
0
0
0
0
0
0
2080
3617
6162
0
0
0
0
0
0
0
0
0
0
0
0
0
0
0
0
0
0
0
0
0
0
0
0
0
0
0
0
0
0
0
0
0
0
0
0
0
0
0
0
0
0
0
0
0
0
0
0
0
0
0
0
0
0
0
0
0
0
0
0
0
0
0
0
0
0
0
0
0
0
0
0
0
0
0
0
0
0
0
0
0
0
0
0
0
0
0
0
0
0
0
0
0
0
0
0
0
0
0
0
0
0
0
0
0
0
0
0
0
0
0
0
0
0
0
0
0
0
0
0
0
0
0
0
0
0
0
0
0
0
0
0
0
0
0
0
0
0
0
0
0
0
0
0
0
0
0
0
0
0
0
0
0
0
0
0
0
0
0
0
0
0
0
0
0
0
0
0
0
0
0
0
0
0
0
0
0
0
0
0
0
0
0
0
0
0
0
0
0
0
0
0
0
0
0
0
0
0
0
0
0
0
0
0
0
0
0
0
0
0
0
0
0
0
0
0
0
0
0
0
0
0
0
0
0
0
0
0
0
0
0
0
0
0
0
0
0
0
0
0
0
0
0
0
0
0
0
0
0
0
0
0
0
0
0
0
0
0
0
0
0
0
0
0
0
0
0
0
0
0
0
0
0
0
0
0
0
0
0
0
0
0
0
0
0
0
0
0
0
0
0
0
0
0
0
0
0
0
0
0
0
0
0
0
0
0
0
0
0
0
0
0
0
0
0
0
0
0
0
0
0
0
0
0
0
0
0
0
0
0
0
0
0
0
0
0
0
0
0
0
0
0
0
0
0
0
0
0
0
0
0
0
0
0
0
0
0
0
0
0
0
0
0
0
0
0
0
0
0
0
0
0
0
0
0
0
0
0
0
0
0
0
0
0
0
0
0
0
0
0
0
0
0
0
0
0
0
0
0
0
0
0
0
0
0
0
0
0
0
0
0
0
0
0
0
0
0
0
0
0
0
0
0
0
0
0
0
0
0
0
0
0
0
0
0
0
0
0
0
0
0
0
0
0
0
0
0
0
0
0
0
0
0
0
0
0
0
0
0
0
0
0
0
0
0
0
0
0
0
0
0
0
0
0
0
0
0
0
0
0
0
0
0
0
0
0
0
0
0
0
0
0
0
0
0
0
0
0
0
0
0
0
0
0
0
0
0
0
0
0
0
0
0
0
0
0
0
0
0
0
0
0
0
0
0
0
0
0
0
0
0
0
0
0
0
0
0
0
0
0
0
0
0
0
0
0
0
0
0
0
0
0
0
0
0
0
0
0
0
0
0
0
0
0
0
0
0
0
0
0
0
0
0
0
0
0
0
0
0
0
0
0
0
0
0
0
0
0
0
0
0
0
0
0
0
0
0
0
0
0
0
0
0
0
0
0
0
0
0
0
0
0
0
0
0
0
0
0
0
0
0
0
0
0
0
0
0
0
0
0
0
0
0
0
0
0
0
0
0
0
0
0
0
0
0
0
0
0
0
0
0
0
0
0
0
0
0
0
0
0
0
0
0
0
0
0
0
0
0
0
0
0
0
0
0
0
0
0
0
0
0
0
0
0
0
0
0
0
0
0
0
0
0
0
0
0
0
0
0
0
0
0
0
0
0
0
0
0
0
0
0
0
0
0
0
0
0
0
0
0
0
0
0
0
0
0
0
0
0
0
0
0
0
0
0
0
0
0
0
0
0
0
0
0
0
0
0
0
0
0
0
0
0
0
0
0
0
0
0
0
0
0
0
0
0
0
0
0
0
0
0
0
0
0
0
0
0
0
0
0
0
0
0
0
0
0
0
0
0
0
0
0
0
0
0
0
0
0
0
0
0
0
0
0
0
0
0
0
0
0
0
0
0
0
0
0
0
0
0
0
0
0
0
0
0
0
0
0
0
0
0
0
0
0
0
0
0
0
0
0
0
0
0
0
0
0
0
0
0
0
0
0
0
0
0
0
0
0
0
0
0
0
0
0
0
0
0
0
0
0
0
0
0
0
0
0
0
0
0
0
0
0
0
0
0
0
0
0
0
0
0
0
0
0
0
0
0
0
0
0
0
0
0
0
0
0
0
0
0
0
0
0
0
0
0
0
0
0
0
0
0
0
0
0
0
0
0
0
0
0
0
0
0
0
0
0
0
0
0
0
0
0
0
0
0
0
0
0
0
0
0
0
0
0
0
0
0
0
0
0
0
0
0
0
0
0
0
0
