int
3691
2108
2125
3656
3622
2080
3685
2064
3683
2060
2049
2056
3654
2088
2053
3651
2085
3590
3619
3587
2123
2119
2115
2107
2103
2099
2095
2079
2075
6167
3691
2108
2125
3656
3622
2080
3685
2064
3683
2060
2049
2056
3654
2088
2053
3651
2085
3590
3619
3587
2123
2119
2115
2107
2103
2099
2095
2079
2075
6167
0
2059
0
2111
0
2048
3685
3654
2091
3691
3683
2068
2065
3651
3619
2124
3622
2084
2081
2060
3591
3656
3586
2123
2053
2119
2115
2107
2103
2099
2095
2079
6171
3691
2108
2125
3656
3622
2080
3685
2064
3683
2060
2049
2056
3654
2088
2053
3651
2085
3590
3619
3587
2123
2119
2115
2107
2103
2099
2095
2079
2075
6167
3691
2108
2125
3656
3622
2080
3685
2064
3683
2060
2049
2056
3654
2088
2053
3651
2085
3590
3619
3587
2123
2119
2115
2107
2103
2099
2095
2079
2075
6167
0
2059
0
2111
0
2048
3685
3654
2091
3691
3683
2068
2065
3651
3619
2124
3622
2084
2081
2060
3591
3656
3586
2123
2053
2119
2115
2107
2103
2099
2095
2079
6171
0
2059
0
2111
0
2072
3685
3654
2091
3691
3683
3616
2085
3651
3623
2124
3590
2080
2053
2064
3587
3656
2050
2123
2061
2119
2115
2107
2103
2099
2095
2079
6167
0
2059
0
2111
0
2072
3685
3654
2091
3691
3683
3616
2085
3651
3623
2124
3590
2080
2053
2064
3587
3656
2050
2123
2061
2119
2115
2107
2103
2099
2095
2079
6167
0
0
0
0
0
0
0
0
3616
2081
2050
3655
0
0
0
2126
0
2064
2053
2090
2087
2058
0
3658
0
2110
3584
2073
3690
3682
3650
3622
3590
2122
2118
2060
2069
2114
2106
2102
2098
2094
2078
7783
3691
3683
2088
3685
3622
2056
2077
2080
3659
2064
2049
2060
3590
2108
3653
2084
2126
3649
3619
2054
3587
2123
2119
2115
2107
2103
2099
2095
2075
6167
3691
3683
2088
3685
3622
2056
2077
2080
3659
2064
2049
2060
3590
2108
3653
2084
2126
3649
3619
2054
3587
2123
2119
2115
2107
2103
2099
2095
2075
6167
0
2063
0
2111
3691
2068
2081
3622
3683
3659
2124
3619
3653
2076
3586
3591
2088
2123
2053
2056
3686
2119
3648
2115
2084
2049
2066
2107
2103
2099
2095
6171
3691
3683
2088
3685
3622
2056
2077
2080
3659
2064
2049
2060
3590
2108
3653
2084
2126
3649
3619
2054
3587
2123
2119
2115
2107
2103
2099
2095
2075
6167
3691
3683
2088
3685
3622
2056
2077
2080
3659
2064
2049
2060
3590
2108
3653
2084
2126
3649
3619
2054
3587
2123
2119
2115
2107
2103
2099
2095
2075
6167
0
2063
0
2111
3691
2068
2081
3622
3683
3659
2124
3619
3653
2076
3586
3591
2088
2123
2053
2056
3686
2119
3648
2115
2084
2049
2066
2107
2103
2099
2095
6171
0
2067
0
2111
3691
3616
2053
3590
3683
3659
2124
3623
3653
2076
2050
3587
2088
2123
2061
2056
3686
2119
3648
2115
2080
2073
2086
2107
2103
2099
2095
6167
0
2067
0
2111
3691
3616
2053
3590
3683
3659
2124
3623
3653
2076
2050
3587
2088
2123
2061
2056
3686
2119
3648
2115
2080
2073
2086
2107
2103
2099
2095
6167
0
0
0
0
0
2127
0
0
2064
3653
2086
2059
0
0
2091
0
0
3584
2073
3686
2079
0
0
3651
0
2111
2060
2069
2082
3691
3683
3659
3623
3591
2123
2048
3617
2054
2119
2115
2107
2103
2099
6191
0
2083
0
2067
0
3648
3685
3622
2063
0
2111
2048
2053
2087
3691
3590
3683
2088
3657
3655
3619
2124
2058
3587
2077
2123
2119
2115
2107
2103
2099
2095
2075
6167
0
2083
0
2067
0
3648
3685
3622
2063
0
2111
2048
2053
2087
3691
3590
3683
2088
3657
3655
3619
2124
2058
3587
2077
2123
2119
2115
2107
2103
2099
2095
2075
6167
0
0
0
0
0
0
0
0
2064
3657
3622
2059
0
0
0
0
2127
3584
2053
2082
2087
0
2063
0
2111
3691
2048
3649
3686
3683
3655
3619
3591
2123
2119
2088
2069
2078
2115
2107
2103
2099
2095
6171
0
2083
0
2067
0
3648
3685
3622
2063
0
2111
2048
2053
2087
3691
3590
3683
2088
3657
3655
3619
2124
2058
3587
2077
2123
2119
2115
2107
2103
2099
2095
2075
6167
0
2083
0
2067
0
3648
3685
3622
2063
0
2111
2048
2053
2087
3691
3590
3683
2088
3657
3655
3619
2124
2058
3587
2077
2123
2119
2115
2107
2103
2099
2095
2075
6167
0
0
0
0
0
0
0
0
2064
3657
3622
2059
0
0
0
0
2127
3584
2053
2082
2087
0
2063
0
2111
3691
2048
3649
3686
3683
3655
3619
3591
2123
2119
2088
2069
2078
2115
2107
2103
2099
2095
6171
0
0
0
0
0
0
0
0
3616
3657
3590
2087
0
0
0
0
2127
2048
2073
2058
2083
0
2067
0
2111
3691
2060
3649
3686
3683
3655
3623
3587
2123
2119
2088
2053
2078
2115
2107
2103
2099
2095
6167
0
0
0
0
0
0
0
0
3616
3657
3590
2087
0
0
0
0
2127
2048
2073
2058
2083
0
2067
0
2111
3691
2060
3649
3686
3683
3655
3623
3587
2123
2119
2088
2053
2078
2115
2107
2103
2099
2095
6167
0
0
0
0
0
0
0
0
0
0
0
2080
3649
2058
2063
0
0
0
0
0
2127
0
2111
2076
2089
3686
3691
3683
3655
3623
3591
2123
2119
2115
2107
2072
3617
2054
2103
2099
2095
0
0
0
0
0
0
2068
2085
3658
0
0
0
0
0
0
0
0
0
2064
3585
6146
3683
2108
3651
3656
2125
2080
3622
2064
2049
2060
3619
2056
3685
2088
3688
2053
3654
2085
3587
2123
2119
3590
2115
2107
2103
2099
2095
2079
2075
6167
3683
2108
3651
3656
2125
2080
3622
2064
2049
2060
3619
2056
3685
2088
3688
2053
3654
2085
3587
2123
2119
3590
2115
2107
2103
2099
2095
2079
2075
6167
0
2059
0
2111
0
2048
3685
3654
2091
3691
3683
2068
2065
3651
3619
3622
2124
3591
2084
2081
2060
3586
3656
2123
2119
2053
2115
2107
2103
2099
2095
2079
6171
3683
2108
3651
3656
2125
2080
3622
2064
2049
2060
3619
2056
3685
2088
3688
2053
3654
2085
3587
2123
2119
3590
2115
2107
2103
2099
2095
2079
2075
6167
3683
2108
3651
3656
2125
2080
3622
2064
2049
2060
3619
2056
3685
2088
3688
2053
3654
2085
3587
2123
2119
3590
2115
2107
2103
2099
2095
2079
2075
6167
0
2059
0
2111
0
2048
3685
3654
2091
3691
3683
2068
2065
3651
3619
3622
2124
3591
2084
2081
2060
3586
3656
2123
2119
2053
2115
2107
2103
2099
2095
2079
6171
0
2059
0
2111
0
2072
3685
3654
2091
3691
3683
3616
2085
3651
3623
3590
2124
3587
2080
2053
2064
2050
3656
2123
2119
2061
2115
2107
2103
2099
2095
2079
6167
0
2059
0
2111
0
2072
3685
3654
2091
3691
3683
3616
2085
3651
3623
3590
2124
3587
2080
2053
2064
2050
3656
2123
2119
2061
2115
2107
2103
2099
2095
2079
6167
0
0
0
0
0
0
0
0
3616
2081
2050
3655
0
0
0
0
2126
2064
2053
2090
2087
2058
0
3658
0
2110
3584
2073
3690
3682
3650
3622
3590
2122
2118
2060
2069
2114
2106
2102
2098
2094
2078
7783
2123
2119
2056
3685
2080
3622
2064
2077
2060
2115
2108
2049
2084
3688
3680
3656
3616
3584
3653
2126
2107
3649
2103
2099
2089
3590
2095
2075
2054
6167
2123
2119
2056
3685
2080
3622
2064
2077
2060
2115
2108
2049
2084
3688
3680
3656
3616
3584
3653
2126
2107
3649
2103
2099
2089
3590
2095
2075
2054
6167
0
2087
0
2063
0
2064
2053
3622
2111
3691
3683
3584
3653
2126
2076
3659
3619
2088
2049
3686
2056
3591
2123
3648
2069
2082
2119
2115
2107
2103
2099
2095
6171
2123
2119
2056
3685
2080
3622
2064
2077
2060
2115
2108
2049
2084
3688
3680
3656
3616
3584
3653
2126
2107
3649
2103
2099
2089
3590
2095
2075
2054
6167
2123
2119
2056
3685
2080
3622
2064
2077
2060
2115
2108
2049
2084
3688
3680
3656
3616
3584
3653
2126
2107
3649
2103
2099
2089
3590
2095
2075
2054
6167
0
2087
0
2063
0
2064
2053
3622
2111
3691
3683
3584
3653
2126
2076
3659
3619
2088
2049
3686
2056
3591
2123
3648
2069
2082
2119
2115
2107
2103
2099
2095
6171
0
2083
0
2067
0
3616
2061
3590
2111
3691
3683
2084
3653
2126
2076
3659
3623
2088
2073
3686
2056
3587
2123
3648
2049
2054
2119
2115
2107
2103
2099
2095
6167
0
2083
0
2067
0
3616
2061
3590
2111
3691
3683
2084
3653
2126
2076
3659
3623
2088
2073
3686
2056
3587
2123
3648
2049
2054
2119
2115
2107
2103
2099
2095
6167
0
0
0
0
0
0
2127
0
2064
3653
2086
2059
0
0
2091
0
0
3584
2073
3686
2079
0
0
3651
0
2111
2060
2069
2082
3691
3683
3659
3623
3591
2123
2048
3617
2054
2119
2115
2107
2103
2099
6191
0
2083
0
2067
0
3648
3685
3622
2063
0
2111
2048
2053
2087
3691
3590
3683
2088
3657
3655
3619
2058
2124
3587
2077
2123
2119
2115
2107
2103
2099
2095
2075
6167
0
2083
0
2067
0
3648
3685
3622
2063
0
2111
2048
2053
2087
3691
3590
3683
2088
3657
3655
3619
2058
2124
3587
2077
2123
2119
2115
2107
2103
2099
2095
2075
6167
0
0
0
0
0
0
0
0
2064
3657
3622
2059
0
0
0
0
0
3584
2053
2082
2127
0
2087
0
2063
0
2048
3649
3686
2111
3691
3683
3655
3619
3591
2088
2069
2078
2123
2119
2115
2107
2103
2099
2095
6171
0
2083
0
2067
0
3648
3685
3622
2063
0
2111
2048
2053
2087
3691
3590
3683
2088
3657
3655
3619
2058
2124
3587
2077
2123
2119
2115
2107
2103
2099
2095
2075
6167
0
2083
0
2067
0
3648
3685
3622
2063
0
2111
2048
2053
2087
3691
3590
3683
2088
3657
3655
3619
2058
2124
3587
2077
2123
2119
2115
2107
2103
2099
2095
2075
6167
0
0
0
0
0
0
0
0
2064
3657
3622
2059
0
0
0
0
0
3584
2053
2082
2127
0
2087
0
2063
0
2048
3649
3686
2111
3691
3683
3655
3619
3591
2088
2069
2078
2123
2119
2115
2107
2103
2099
2095
6171
0
0
0
0
0
0
0
0
3616
3657
3590
2087
0
0
0
0
0
2048
2073
2058
2127
0
2083
0
2067
0
2060
3649
3686
2111
3691
3683
3655
3623
3587
2088
2053
2078
2123
2119
2115
2107
2103
2099
2095
6167
0
0
0
0
0
0
0
0
3616
3657
3590
2087
0
0
0
0
0
2048
2073
2058
2127
0
2083
0
2067
0
2060
3649
3686
2111
3691
3683
3655
3623
3587
2088
2053
2078
2123
2119
2115
2107
2103
2099
2095
6167
0
0
0
0
0
0
0
0
0
0
0
2080
3649
2058
2063
0
0
0
0
0
0
2127
0
2076
2089
3686
2111
3691
3683
3655
3623
3591
2123
2119
2115
2072
3617
2054
2107
2103
2099
2095
0
0
0
0
0
2068
2085
3658
0
0
0
0
0
0
0
0
0
2064
3585
6146
0
2083
3687
2092
3689
2108
3622
3656
2049
2064
3651
2060
3681
2056
3654
2088
2125
2084
3619
3587
2053
3590
2123
2119
2115
2107
2103
2099
2079
2075
6167
0
2083
3687
2092
3689
2108
3622
3656
2049
2064
3651
2060
3681
2056
3654
2088
2125
2084
3619
3587
2053
3590
2123
2119
2115
2107
2103
2099
2079
2075
6167
0
0
0
0
2126
0
2064
2049
2058
3655
3658
0
2090
2080
3681
2110
0
2086
3623
2062
3584
2093
3686
3650
3618
3590
2122
2052
2069
2118
2114
2106
2102
2098
2078
2074
7787
0
2083
3687
2092
3689
2108
3622
3656
2049
2064
3651
2060
3681
2056
3654
2088
2125
2084
3619
3587
2053
3590
2123
2119
2115
2107
2103
2099
2079
2075
6167
0
2083
3687
2092
3689
2108
3622
3656
2049
2064
3651
2060
3681
2056
3654
2088
2125
2084
3619
3587
2053
3590
2123
2119
2115
2107
2103
2099
2079
2075
6167
0
0
0
0
2126
0
2064
2049
2058
3655
3658
0
2090
2080
3681
2110
0
2086
3623
2062
3584
2093
3686
3650
3618
3590
2122
2052
2069
2118
2114
2106
2102
2098
2078
2074
7787
0
0
0
0
2126
0
2084
2073
2058
3655
3658
0
2090
3616
3681
2110
0
2082
3591
2066
2052
2093
3686
3650
3622
3586
2122
2060
2049
2118
2114
2106
2102
2098
2078
2070
7787
0
0
0
0
2126
0
2084
2073
2058
3655
3658
0
2090
3616
3681
2110
0
2082
3591
2066
2052
2093
3686
3650
3622
3586
2122
2060
2049
2118
2114
2106
2102
2098
2078
2070
7787
0
0
0
0
0
0
0
0
0
2092
2081
2070
3655
0
0
0
0
0
0
3584
2053
2066
3691
0
0
0
2125
0
2089
2048
3657
2062
2109
2075
2057
3685
3649
3621
3589
2084
2121
2117
2113
2105
2101
2097
2077
3618
7779
0
2087
0
2052
3689
3622
2076
2111
2093
2056
2083
3590
3648
3681
2067
2088
2126
2060
2049
3687
3659
3619
3653
3587
2123
2119
2115
2107
2103
2099
2075
6167
0
2087
0
2052
3689
3622
2076
2111
2093
2056
2083
3590
3648
3681
2067
2088
2126
2060
2049
3687
3659
3619
3653
3587
2123
2119
2115
2107
2103
2099
2075
6167
0
0
2079
0
0
3651
2080
2093
3622
2091
0
2087
0
3584
3653
3690
2111
0
2063
3687
2052
2069
2050
3659
3619
3591
2124
2123
2065
2056
3682
2119
2115
2107
2103
2099
6171
0
2087
0
2052
3689
3622
2076
2111
2093
2056
2083
3590
3648
3681
2067
2088
2126
2060
2049
3687
3659
3619
3653
3587
2123
2119
2115
2107
2103
2099
2075
6167
0
2087
0
2052
3689
3622
2076
2111
2093
2056
2083
3590
3648
3681
2067
2088
2126
2060
2049
3687
3659
3619
3653
3587
2123
2119
2115
2107
2103
2099
2075
6167
0
0
2079
0
0
3651
2080
2093
3622
2091
0
2087
0
3584
3653
3690
2111
0
2063
3687
2052
2069
2050
3659
3619
3591
2124
2123
2065
2056
3682
2119
2115
2107
2103
2099
6171
0
0
2079
0
0
3651
3616
2093
3590
2091
0
2083
0
2052
3653
3690
2111
0
2067
3687
2060
2049
2074
3659
3623
3587
2124
2123
2085
2056
3682
2119
2115
2107
2103
2099
6167
0
0
2079
0
0
3651
3616
2093
3590
2091
0
2083
0
2052
3653
3690
2111
0
2067
3687
2060
2049
2074
3659
3623
3587
2124
2123
2085
2056
3682
2119
2115
2107
2103
2099
6167
0
0
2059
0
0
3651
0
0
2091
2048
2065
3690
2111
3687
3659
3623
3591
2123
2119
2084
2061
2074
2115
2107
2103
2099
0
0
0
2080
3617
3682
0
0
0
0
0
0
0
2052
2093
2070
0
0
0
0
2124
0
0
2076
3585
7750
0
0
0
0
2127
0
2056
3681
3622
2063
0
2087
0
2052
3657
2111
0
3590
2083
0
2076
2089
2067
3687
3690
3655
3619
2048
3649
3587
2123
2094
2119
2115
2107
2103
2099
2075
6167
0
0
0
0
2127
0
2056
3681
3622
2063
0
2087
0
2052
3657
2111
0
3590
2083
0
2076
2089
2067
3687
3690
3655
3619
2048
3649
3587
2123
2094
2119
2115
2107
2103
2099
2075
6167
0
0
0
0
0
0
0
0
0
3584
3657
3622
2055
0
0
0
0
0
2127
2088
2065
3690
2087
0
2111
0
2063
3687
3655
2056
3649
2070
3619
3591
2123
2119
2115
2107
2103
2080
2049
3682
2099
2075
0
0
0
0
0
2076
6189
0
0
0
0
2127
0
2056
3681
3622
2063
0
2087
0
2052
3657
2111
0
3590
2083
0
2076
2089
2067
3687
3690
3655
3619
2048
3649
3587
2123
2094
2119
2115
2107
2103
2099
2075
6167
0
0
0
0
2127
0
2056
3681
3622
2063
0
2087
0
2052
3657
2111
0
3590
2083
0
2076
2089
2067
3687
3690
3655
3619
2048
3649
3587
2123
2094
2119
2115
2107
2103
2099
2075
6167
0
0
0
0
0
0
0
0
0
3584
3657
3622
2055
0
0
0
0
0
2127
2088
2065
3690
2087
0
2111
0
2063
3687
3655
2056
3649
2070
3619
3591
2123
2119
2115
2107
2103
2080
2049
3682
2099
2075
0
0
0
0
0
2076
6189
0
0
0
0
0
0
0
0
0
2092
3657
3590
2075
0
0
0
0
0
2127
2088
2049
3690
2083
0
2111
0
2067
3687
3655
2084
3649
2054
3623
3587
2123
2119
2115
2107
2103
2056
2061
3682
2099
2071
0
0
0
0
0
2076
7713
0
0
0
0
0
0
0
0
0
2092
3657
3590
2075
0
0
0
0
0
2127
2088
2049
3690
2083
0
2111
0
2067
3687
3655
2084
3649
2054
3623
3587
2123
2119
2115
2107
2103
2056
2061
3682
2099
2071
0
0
0
0
0
2076
7713
0
0
0
0
0
0
0
0
0
0
0
0
2076
3649
3690
2059
0
0
0
0
0
0
0
0
0
2072
2085
2094
2055
0
0
0
0
0
0
0
0
0
2068
3617
3682
2051
0
0
0
0
0
0
2127
0
2111
2064
2081
3658
3687
3655
3623
3591
2123
2119
2115
2107
2103
2099
2060
3585
6186
3656
3652
3620
3588
2120
2116
2112
2108
2104
2100
2096
2092
2052
2048
2065
2090
2127
2061
3586
2079
3649
2086
2075
2057
2082
3690
3617
3686
3682
6167
0
0
0
0
0
0
0
0
0
0
0
0
0
0
0
0
0
0
0
0
0
0
0
0
0
0
0
0
0
0
0
0
0
0
0
0
0
0
0
0
0
0
0
0
0
0
0
0
0
0
0
0
0
0
0
0
0
0
0
0
0
0
0
0
0
0
0
0
0
0
0
0
0
0
0
0
0
0
0
0
0
0
0
0
0
0
0
0
0
0
0
0
0
0
0
0
0
0
0
0
0
0
0
0
0
0
0
0
0
0
0
0
0
0
0
0
0
0
0
0
0
0
0
0
0
0
0
0
0
0
0
0
0
0
0
0
0
0
0
0
0
0
0
0
0
0
0
0
0
0
0
0
0
0
0
0
0
0
0
0
0
0
0
0
0
0
0
0
0
0
0
0
0
0
0
0
0
0
0
0
0
0
0
0
0
0
0
0
0
0
0
0
0
0
0
0
0
0
0
0
0
0
0
0
0
0
0
0
0
0
0
0
0
0
0
0
0
0
0
0
0
0
0
0
0
0
0
0
0
0
0
0
0
0
0
0
0
0
0
0
0
0
0
0
0
0
0
0
0
0
0
0
0
0
0
0
0
0
0
0
0
0
0
0
0
0
0
0
0
0
0
0
0
0
0
0
0
0
0
0
0
0
0
0
0
0
0
0
0
0
0
0
0
0
0
0
0
0
0
0
0
0
0
0
0
0
0
0
0
0
0
0
0
0
0
0
0
0
0
0
0
0
0
0
0
0
0
0
0
0
0
0
0
0
0
0
0
0
0
0
0
0
0
0
0
0
0
0
0
0
0
0
0
0
0
0
0
0
0
0
0
0
0
0
0
0
0
0
0
0
0
0
0
0
0
0
0
0
0
0
0
0
0
0
0
0
0
0
0
0
0
0
0
0
0
0
0
0
0
0
0
0
0
0
0
0
0
0
0
0
0
0
0
0
0
0
0
0
0
0
0
0
0
0
0
0
0
0
0
0
0
0
0
0
0
0
0
0
0
0
0
0
0
0
0
0
0
0
0
0
0
0
0
0
0
0
0
0
0
0
0
0
0
0
0
0
0
0
0
0
0
0
0
0
0
0
0
0
0
0
0
0
0
0
0
0
0
0
0
0
0
0
0
0
0
0
0
0
0
0
0
0
0
0
0
0
0
0
0
0
0
0
0
0
0
0
0
0
0
0
0
0
0
0
0
0
0
0
0
0
0
0
0
0
0
0
0
0
0
0
0
0
0
0
0
0
0
0
0
0
0
0
0
0
0
0
0
0
0
0
0
0
0
0
0
0
0
0
0
0
0
0
0
0
0
0
0
0
0
0
0
0
0
0
0
0
0
0
0
0
0
0
0
0
0
0
0
0
0
0
0
0
0
0
0
0
0
0
0
0
0
0
0
0
0
0
0
0
0
0
0
0
0
0
0
0
0
0
0
0
0
0
0
0
0
0
0
0
0
0
0
0
0
0
0
0
0
0
0
0
0
0
0
0
0
0
0
0
0
0
0
0
0
0
0
0
0
0
0
0
0
0
0
0
0
0
0
0
0
0
0
0
0
0
0
0
0
0
0
0
0
0
0
0
0
0
0
0
0
0
0
0
0
0
0
0
0
0
0
0
0
0
0
0
0
0
0
0
0
0
0
0
0
0
0
0
0
0
0
0
0
0
0
0
0
0
0
0
0
0
0
0
0
0
0
0
0
0
0
0
0
0
0
0
0
0
0
0
0
0
0
0
0
0
0
0
0
0
0
0
0
0
0
0
0
0
0
0
0
0
0
0
0
0
0
0
0
0
0
0
0
0
0
0
0
0
0
0
0
0
0
0
0
0
0
0
0
0
0
0
0
0
0
0
0
0
0
0
0
0
0
0
0
0
0
0
0
0
0
0
0
0
0
0
0
0
0
0
0
0
0
0
0
0
0
0
0
0
0
0
0
0
0
0
0
0
0
0
0
0
0
0
0
0
0
0
0
0
0
0
0
0
0
0
0
0
0
0
0
0
0
0
0
0
0
0
0
0
0
0
0
0
0
0
0
0
0
0
0
0
0
0
0
0
0
0
0
0
0
0
0
0
0
0
0
0
0
0
0
0
0
0
0
0
0
0
0
0
0
0
0
0
0
0
0
0
0
0
0
0
0
0
0
0
0
0
0
0
0
0
0
0
0
0
0
0
0
0
0
0
0
0
0
0
0
0
0
0
0
0
0
0
0
0
0
0
0
0
0
0
0
0
0
0
0
0
0
0
0
0
0
0
0
0
0
0
0
0
0
0
0
0
0
0
0
0
0
0
0
0
0
0
0
0
0
0
0
0
0
0
0
0
0
0
0
0
0
0
0
0
0
0
0
0
0
0
0
0
0
0
0
0
0
0
0
0
0
0
0
0
0
0
0
0
