int
0
0
2067
0
2157
2063
0
0
2059
2137
2147
3656
3622
2131
2141
3651
3619
2113
3587
2171
2109
2167
2163
3652
2105
3590
2155
2101
2151
2127
2089
2123
2094
2085
2119
3592
2081
2079
2075
2053
2098
0
2049
0
0
2069
2134
7720
0
0
2056
2071
0
2112
3657
2067
2108
3622
2063
3588
2133
2131
2104
2147
3651
2100
3625
3654
2088
3619
3595
2084
2137
3587
2080
2094
2171
2052
2141
2167
2048
2163
2098
2157
2155
2151
2127
2123
2119
2079
6171
0
0
2056
2071
0
2112
3653
2067
3592
3658
2063
2108
2133
2131
2104
2147
3651
2100
3621
3626
2088
3619
3591
2084
2137
3587
2080
2094
2171
2052
2141
2167
2048
2163
2098
2157
2155
2151
2127
2123
2119
2079
6171
0
0
2056
2071
0
2112
3657
2067
3620
3590
2063
2108
3593
2131
2104
2147
3651
2100
2133
3654
2088
3627
3619
2084
2137
3587
2080
2094
2171
2052
2141
2167
2048
2163
2098
2157
2155
2151
2127
2123
2119
2079
6171
0
0
2059
0
0
3591
2096
2081
2055
0
0
2115
3654
3616
2133
2111
0
0
2107
2137
2092
2103
3658
0
2141
2091
0
2068
2147
2157
2066
2131
2049
3651
3584
2061
3627
2074
3621
3595
2171
2084
2167
2163
2155
2151
2127
2123
2119
6175
0
0
0
0
0
2134
0
0
0
2068
2158
3619
3657
0
0
2138
0
0
0
2064
2142
3595
0
2062
0
3653
2114
0
0
2048
2110
2055
0
2106
0
2085
2102
0
0
2056
2090
3587
2146
0
2130
2081
2092
3650
3626
3590
2170
2166
2162
2096
2154
3621
2150
2126
2122
2118
2078
6171
0
0
2056
2071
0
3624
3653
2067
2112
3658
2063
2108
3589
2131
2104
2147
3651
2100
2133
3594
2088
3623
3619
2084
2137
3587
2080
2094
2171
2052
2141
2167
2048
2163
2098
2157
2155
2151
2127
2123
2119
2079
6171
0
0
0
0
0
2134
0
0
0
2068
2158
3619
3657
0
0
2138
0
0
0
2064
2142
2055
0
2062
0
3653
2114
0
0
2048
2110
3591
0
2106
0
2085
2102
0
0
2056
2090
3587
2146
0
2130
3625
2092
3650
3622
3594
2170
2166
2162
2096
2154
2081
2150
2126
2122
2118
2078
6171
0
0
3595
0
0
2059
2096
2081
2055
0
0
2115
3658
3616
2133
2111
0
0
2107
2137
2092
2103
3654
0
2141
2091
0
2068
2147
2157
2066
2131
2049
3651
3584
3625
3623
2074
2061
3591
2171
2084
2167
2163
2155
2151
2127
2123
2119
6175
0
0
2056
2071
0
3652
3625
2067
2112
3622
2063
2108
2133
2131
2104
2147
3659
2100
3593
3590
2088
3651
3619
2084
2137
3587
2080
2094
2171
2052
2141
2167
2048
2163
2098
2157
2155
2151
2127
2123
2119
2079
6171
0
0
2059
0
0
3591
3648
2081
2055
0
0
2115
3622
2096
2133
2111
0
0
2107
2137
2092
2103
3626
0
2141
2087
0
2088
2147
2157
2078
2131
2049
3659
3584
3653
3619
2062
2065
3595
2171
2068
2167
2163
2155
2151
2127
2123
2119
6171
0
0
0
0
0
2134
0
0
0
2068
2158
2083
3621
0
0
2138
0
0
0
2048
2142
3595
0
2066
0
3625
2114
0
0
2060
2110
2079
0
2106
0
2057
2102
0
0
2088
2086
3587
2146
0
2130
3653
2092
3658
3618
3590
2170
2166
2162
2096
2154
3649
2150
2126
2122
2118
2074
6151
0
0
2051
0
0
2115
2096
2085
2111
0
0
2107
2132
3590
2065
2103
0
2136
2083
0
2147
3617
2140
3594
2131
3659
3627
2156
2077
3587
2068
2094
2171
3652
2167
2073
2056
2163
2090
3620
2155
2151
2052
2061
2127
3650
2123
6215
0
0
3623
0
0
2103
0
0
3591
0
3616
2069
2066
2059
0
0
2055
0
2097
2051
0
2080
2115
2062
2147
2093
2131
3659
3627
3595
2171
2133
2076
2167
3650
2163
2157
2155
2151
2127
2123
2137
2119
3584
0
2090
2141
0
0
2109
0
0
3653
0
2072
2105
6182
0
0
0
0
0
2135
0
0
0
0
2159
0
0
2068
3593
2050
2139
0
0
0
0
2143
0
0
2103
0
0
2064
2085
3654
2115
0
0
2111
0
0
2107
0
2147
0
2131
2060
3585
3650
3659
3627
3591
2171
2167
2163
2155
2151
2127
2123
2119
2056
2081
2090
0
0
0
0
0
0
0
0
0
0
0
2052
2077
3622
0
0
0
0
2092
0
0
0
0
0
0
2096
2073
7714
0
0
0
0
2159
0
0
0
0
2088
3625
2139
3594
0
0
0
2143
0
0
2084
2049
2071
0
0
2115
3590
0
2111
0
2052
3617
2107
0
0
2103
2074
0
2083
0
2076
2065
2147
0
2131
3659
3654
2092
3623
3587
2171
2061
2167
2163
2096
2155
3650
2151
2127
2123
2132
2057
6215
0
0
0
0
0
2135
0
0
0
0
2159
0
0
2068
2085
2050
2139
0
0
0
0
2143
0
0
2103
0
0
2064
3589
3654
2115
0
0
2111
0
0
2107
0
2147
0
2131
2060
3585
3650
3659
3623
3595
2171
2167
2163
2155
2151
2127
2123
2119
2056
2081
3626
0
0
0
0
0
0
0
0
0
0
0
2052
2077
2090
0
0
0
0
2092
0
0
0
0
0
0
2096
2073
7714
0
0
0
0
0
2135
0
0
0
0
2159
0
0
2068
3593
2050
2139
0
0
0
0
2143
0
0
2103
0
0
2064
2085
3654
2115
0
0
2111
0
0
2107
0
2147
0
2131
2060
3585
3650
3659
3623
3591
2171
2167
2163
2155
2151
2127
2123
2119
2056
2081
3626
0
0
0
0
0
0
0
0
0
0
0
2052
2077
2090
0
0
0
0
2092
0
0
0
0
0
0
2096
2073
7714
0
0
3656
2071
0
2056
3621
2067
2112
3594
2063
2108
2133
2131
2104
2147
3655
2100
3589
3626
2088
3651
3619
2084
2137
3587
2080
2094
2171
2052
2141
2167
2048
2163
2098
2157
2155
2151
2127
2123
2119
2079
6171
0
0
0
0
0
2134
0
0
0
2068
2158
2083
3621
0
0
2138
0
0
0
2048
2142
2079
0
2066
0
3625
2114
0
0
2060
2110
3591
0
2106
0
3657
2102
0
0
2088
2086
3587
2146
0
2130
2057
2092
3654
3618
3594
2170
2166
2162
2096
2154
3649
2150
2126
2122
2118
2074
6151
0
0
3595
0
0
2059
3648
2081
2055
0
0
2115
3626
2096
2133
2111
0
0
2107
2137
2092
2103
3622
0
2141
2087
0
2088
2147
2157
2078
2131
3657
3655
3584
2049
3619
2062
2065
3591
2171
2068
2167
2163
2155
2151
2127
2123
2119
6171
0
0
0
0
2159
0
0
0
0
2088
2049
2139
3594
0
0
0
2143
0
0
2084
3621
2071
0
0
2115
3590
0
2111
0
2052
3617
2107
0
0
2103
3658
0
2083
0
2076
2065
2147
0
2131
3655
2074
2092
3627
3587
2171
2061
2167
2163
2096
2155
3650
2151
2127
2123
2132
2057
6215
0
0
0
0
0
2135
0
0
0
0
2159
0
0
2068
2085
3658
2139
0
0
0
0
2143
0
0
2103
0
0
2064
3589
2050
2115
0
0
2111
0
0
2107
0
2147
0
2131
2060
3585
3650
3655
3627
3595
2171
2167
2163
2155
2151
2127
2123
2119
2056
2081
2090
0
0
0
0
0
0
0
0
0
0
0
2052
2077
3622
0
0
0
0
2092
0
0
0
0
0
0
2096
2073
7714
0
0
0
0
0
2135
0
0
0
0
2159
0
0
2068
3593
3658
2139
0
0
0
0
2143
0
0
2103
0
0
2064
2085
2050
2115
0
0
2111
0
0
2107
0
2147
0
2131
2060
3585
3650
3655
3627
3591
2171
2167
2163
2155
2151
2127
2123
2119
2056
2081
2090
0
0
0
0
0
0
0
0
0
0
0
2052
2077
3622
0
0
0
0
2092
0
0
0
0
0
0
2096
2073
7714
0
0
2051
0
0
2115
2096
2085
2111
0
0
2107
2132
3594
2065
2103
0
2136
2083
0
2147
3617
2140
3590
2131
3655
3623
2156
2077
3587
3656
2094
2171
2068
2167
2073
3624
2163
2090
2056
2155
2151
2052
2061
2127
3650
2123
6215
0
0
0
0
0
2135
0
0
0
0
2159
0
0
2068
2085
3658
2139
0
0
0
0
2143
0
0
2103
0
0
2064
3589
2050
2115
0
0
2111
0
0
2107
0
2147
0
2131
2060
3585
3650
3655
3623
3595
2171
2167
2163
2155
2151
2127
2123
2119
2056
2081
3626
0
0
0
0
0
0
0
0
0
0
0
2052
2077
2090
0
0
0
0
2092
0
0
0
0
0
0
2096
2073
7714
0
0
2107
0
0
3595
0
0
2103
0
3616
2069
2066
2059
0
0
2055
0
2097
2051
0
2080
2115
2062
2147
2093
2131
3655
3623
3591
2171
2133
2076
2167
3650
2163
2157
2155
2151
2127
2123
2137
2119
3584
0
2090
2141
0
0
3657
0
0
2109
0
2072
3625
6182
0
0
0
0
0
2134
0
0
0
0
3584
2085
2158
2067
0
0
0
2138
0
0
0
2072
3617
2142
2063
0
2114
0
0
2110
0
0
2068
2081
2106
3651
0
2102
0
2096
2146
3658
3654
3626
2077
3622
2092
3594
3590
2170
2166
2162
2154
2150
2130
2126
2122
2118
2058
2054
2050
6187
0
0
0
0
0
0
0
0
0
0
0
0
0
0
0
0
0
0
0
0
0
0
0
0
0
0
0
0
0
0
0
0
0
0
0
0
0
0
0
0
0
0
0
0
0
0
0
0
0
0
0
0
0
0
0
0
0
0
0
0
0
0
0
0
0
0
0
0
0
0
0
0
0
0
0
0
0
0
0
0
0
0
0
0
0
0
0
0
0
0
0
0
0
0
0
0
0
0
0
0
0
0
0
0
0
0
0
0
0
0
0
0
0
0
0
0
0
0
0
0
0
0
0
0
0
0
0
0
0
0
0
0
0
0
0
0
0
0
0
0
0
0
0
0
0
0
0
0
0
0
0
0
0
0
0
0
0
0
0
0
0
0
0
0
0
0
0
0
0
0
0
0
0
0
0
0
0
0
0
0
0
0
0
0
0
0
0
0
0
0
0
0
0
0
0
0
0
0
0
0
0
0
0
0
0
0
0
0
0
0
0
0
0
0
0
0
0
0
0
0
0
0
0
0
0
0
0
0
0
0
0
0
0
0
0
0
0
0
0
0
0
0
0
0
0
0
0
0
0
0
0
0
0
0
0
0
0
0
0
0
0
0
0
0
0
0
0
0
0
0
0
0
0
0
0
0
0
0
0
0
0
0
0
0
0
0
0
0
0
0
0
0
0
0
0
0
0
0
0
0
0
0
0
0
0
0
0
0
0
0
0
0
0
0
0
0
0
0
0
0
0
0
0
0
0
0
0
0
0
0
0
0
0
0
0
0
0
0
0
0
0
0
0
0
0
0
0
0
0
0
0
0
0
0
0
0
0
0
0
0
0
0
0
0
0
0
0
0
0
0
0
0
0
0
0
0
0
0
0
0
0
0
0
0
0
0
0
0
0
0
0
0
0
0
0
0
0
0
0
0
0
0
0
0
0
0
0
0
0
0
0
0
0
0
0
0
0
0
0
0
0
0
0
0
0
0
0
0
0
0
0
0
0
0
0
0
0
0
0
0
0
0
0
0
0
0
0
0
0
0
0
0
0
0
0
0
0
0
0
0
0
0
0
0
0
0
0
0
0
0
0
0
0
0
0
0
0
0
0
0
0
0
0
0
0
0
0
0
0
0
0
0
0
0
0
0
0
0
0
0
0
0
0
0
0
0
0
0
0
0
0
0
0
0
0
0
0
0
0
0
0
0
0
0
0
0
0
0
0
0
0
0
0
0
0
0
0
0
0
0
0
0
0
0
0
0
0
0
0
0
0
0
0
0
0
0
0
0
0
0
0
0
0
0
0
0
0
0
0
0
0
0
0
0
0
0
0
0
0
0
0
0
0
0
0
0
0
0
0
0
0
0
0
0
0
0
0
0
0
0
0
0
0
0
0
0
0
0
0
0
0
0
0
0
0
0
0
0
0
0
0
0
0
0
0
0
0
0
0
0
0
0
0
0
0
0
0
0
0
0
0
0
0
0
0
0
0
0
0
0
0
0
0
0
0
0
0
0
0
0
0
0
0
0
0
0
0
0
0
0
0
0
0
0
0
0
0
0
0
0
0
0
0
0
0
0
0
0
0
0
0
0
0
0
0
0
0
0
0
0
0
0
0
0
0
0
0
0
0
0
0
0
0
0
0
0
0
0
0
0
0
0
0
0
0
0
0
0
0
0
0
0
0
0
0
0
0
0
0
0
0
0
0
0
0
0
0
0
0
0
0
0
0
0
0
0
0
0
0
0
0
0
0
0
0
0
0
0
0
0
0
0
0
0
0
0
0
0
0
0
0
0
0
0
0
0
0
0
0
0
0
0
0
0
0
0
0
0
0
0
0
0
0
0
0
0
0
0
0
0
0
0
0
0
0
0
0
0
0
0
0
0
0
0
0
0
0
0
0
0
0
0
0
0
0
0
0
0
0
0
0
0
0
0
0
0
0
0
0
0
0
0
0
0
0
0
0
0
0
0
0
0
0
0
0
0
0
0
0
0
0
0
0
0
0
0
0
0
0
0
0
0
0
0
0
0
0
0
0
0
0
0
0
0
0
0
0
0
0
0
0
0
0
0
0
0
0
0
0
0
0
0
0
0
0
0
0
0
0
0
0
0
0
0
0
0
0
0
0
0
0
0
0
0
0
0
0
0
0
0
0
0
0
0
0
0
0
0
0
0
0
0
0
0
0
0
0
0
0
0
0
0
0
0
0
0
0
0
0
0
0
0
0
0
0
0
0
0
0
0
0
0
0
0
0
0
0
0
0
0
0
0
0
0
0
0
0
0
0
0
0
0
0
0
0
0
0
0
0
0
0
0
0
0
0
0
0
0
0
0
0
0
0
0
0
0
0
0
0
0
0
0
0
0
0
0
0
0
0
0
0
0
0
0
0
0
0
0
0
0
0
0
0
0
0
0
0
0
0
0
0
0
0
0
0
0
0
0
0
0
0
0
0
0
0
0
0
0
0
0
0
0
0
0
0
0
0
0
0
0
0
0
0
0
0
0
0
0
0
0
0
0
0
0
0
0
0
0
0
0
0
0
0
0
0
0
0
0
0
0
0
0
0
0
0
0
0
0
0
0
0
0
0
0
0
0
0
0
0
0
0
0
0
0
0
0
0
0
0
0
0
0
0
0
0
0
0
0
0
0
0
0
0
0
0
0
0
0
0
0
0
0
0
0
0
0
0
0
0
0
0
0
0
0
0
0
0
0
0
0
0
0
0
0
0
0
0
0
0
0
0
0
0
0
0
0
0
0
0
0
0
0
0
0
0
0
0
0
0
0
0
0
0
0
0
0
0
0
0
0
0
0
0
0
0
0
0
0
0
0
0
0
0
0
0
0
0
0
0
0
0
0
0
0
0
0
0
0
0
0
0
0
0
0
0
0
0
0
0
0
0
0
0
0
0
0
0
0
0
0
0
0
0
0
0
0
0
0
0
0
0
0
0
0
0
0
0
0
0
0
0
0
0
0
0
0
0
0
0
0
0
0
0
0
0
0
0
0
0
0
0
0
0
0
0
0
0
0
0
0
0
0
0
0
0
0
0
0
0
0
0
0
0
0
0
0
0
0
0
0
0
0
0
0
0
0
0
0
0
0
0
0
0
0
0
0
0
0
0
0
0
0
0
0
0
0
0
0
0
0
0
0
0
0
0
0
0
0
0
0
0
0
0
0
0
0
0
0
0
0
0
0
0
0
0
0
0
0
0
0
0
0
0
0
0
0
0
0
0
0
0
0
0
0
0
0
0
0
0
0
0
0
0
0
0
0
0
0
0
0
0
0
0
0
0
0
0
0
0
0
0
0
0
0
0
0
0
0
0
0
0
0
0
0
0
0
0
0
0
0
0
0
0
0
0
0
0
0
0
0
0
0
0
0
0
0
0
0
0
0
0
0
0
0
0
0
0
0
0
0
0
0
0
0
0
0
0
0
0
0
0
0
0
0
0
0
0
0
0
0
0
0
0
0
0
0
0
0
0
0
0
0
0
0
0
0
0
0
0
0
0
0
0
0
0
0
0
0
0
0
0
0
0
0
0
0
0
0
0
0
0
0
0
0
0
0
0
0
0
0
0
0
0
0
0
0
0
0
0
0
0
0
0
0
0
0
0
0
0
0
0
0
0
0
0
0
0
0
0
0
0
0
0
0
0
0
0
0
0
0
0
0
0
0
0
0
0
0
0
0
0
0
0
0
0
0
0
0
0
0
0
0
0
0
0
0
0
0
0
0
0
0
0
0
0
0
0
0
0
0
0
0
0
0
0
0
0
0
0
0
0
0
0
0
0
0
0
0
0
0
0
0
0
0
0
0
0
0
0
0
0
0
0
0
0
0
0
0
0
0
0
0
0
0
0
0
0
0
0
0
0
0
0
0
0
0
0
0
0
0
0
0
0
0
0
0
0
0
0
0
0
0
0
0
0
0
0
0
0
0
0
0
0
0
0
0
0
0
0
0
0
0
0
0
0
0
0
0
0
0
0
0
0
0
0
0
0
0
0
0
0
0
0
0
0
0
0
0
0
0
0
0
0
0
0
0
0
0
0
0
0
0
0
0
0
0
0
0
0
0
0
0
0
0
0
0
0
0
0
0
0
0
0
0
0
0
0
0
0
0
0
0
0
0
0
0
0
0
0
0
0
0
0
0
0
0
0
0
0
0
0
0
0
0
0
0
0
0
0
0
0
0
0
0
0
0
0
0
0
0
0
0
0
0
0
0
0
0
0
0
0
0
0
0
0
0
0
0
0
0
0
0
0
0
0
0
0
0
0
0
0
0
0
0
0
0
0
0
0
0
0
0
0
0
0
0
0
0
0
0
0
0
0
0
0
0
0
0
0
0
0
0
0
0
0
0
0
0
0
0
0
0
0
0
0
0
0
0
0
0
0
0
0
0
0
0
0
0
0
0
0
0
0
0
0
0
0
0
0
0
0
0
0
0
0
0
0
0
0
0
0
0
0
0
0
0
0
0
0
0
0
0
0
0
0
0
0
0
0
0
0
0
0
0
0
0
0
0
0
0
0
0
0
0
0
0
0
0
0
0
0
0
0
0
0
0
0
0
0
0
0
0
0
0
0
0
0
0
0
0
0
0
0
0
0
0
0
0
0
0
0
0
0
0
0
0
0
0
0
0
0
0
0
0
0
0
0
0
0
0
0
0
0
0
0
0
0
0
0
0
0
0
0
0
0
0
0
0
0
0
0
0
0
0
0
0
0
0
0
0
0
0
0
0
0
0
0
0
0
0
0
0
0
0
0
0
0
0
0
0
0
0
0
0
0
0
0
0
0
0
0
0
0
0
0
0
0
0
0
0
0
0
0
0
0
0
0
0
0
0
0
0
0
0
0
0
0
0
0
0
0
0
0
0
0
0
0
0
0
0
0
0
0
0
0
0
0
0
0
0
0
0
0
0
0
0
0
0
0
0
0
0
0
0
0
0
0
0
0
0
0
0
0
0
0
0
0
0
0
0
0
0
0
0
0
0
0
0
0
0
0
0
0
0
0
0
0
0
0
0
0
0
0
0
0
0
0
0
0
0
0
0
0
0
0
0
0
0
0
0
0
0
0
0
0
0
0
0
0
0
0
0
0
0
0
0
0
0
0
0
0
0
0
0
0
0
0
0
0
0
0
0
0
0
0
0
0
0
0
0
0
0
0
0
0
0
0
0
0
0
0
0
0
0
0
0
0
0
0
0
0
0
0
0
0
0
0
0
0
0
0
0
0
0
0
0
0
0
0
0
0
0
0
0
0
0
0
0
0
0
0
0
0
0
0
0
0
0
0
0
0
0
0
0
0
0
0
0
0
0
0
0
0
0
0
0
0
0
0
0
0
0
0
0
0
0
0
0
0
0
0
0
0
0
0
0
0
0
0
0
0
0
0
0
0
0
0
0
0
0
0
0
0
0
0
0
0
0
0
0
0
0
0
0
0
0
0
0
0
0
0
0
0
0
0
0
0
0
0
0
0
0
0
0
0
0
0
0
0
0
0
0
0
0
0
0
0
0
0
0
