int
2056
0
2051
0
3653
3622
2055
0
2067
3593
3590
3863
3859
3651
3625
3658
3619
3587
2071
6159
3592
3584
2068
2060
2056
2053
3622
2067
3589
3863
3654
2049
3859
3659
3651
3627
7715
3588
3584
2068
2060
2056
3593
3658
2067
2053
3863
3626
2049
3859
3655
3651
3623
7715
3592
3584
2068
2060
2056
2049
3658
3655
2053
2066
3862
3621
3858
3650
3626
3618
7687
0
2056
3861
3616
3856
3648
3624
3592
2068
2060
2065
3622
3657
3655
3585
2050
3591
0
6150
0
0
0
0
3620
3585
3658
2051
0
3616
2057
2067
3654
3859
3592
2053
3651
3862
3627
3591
2071
6159
3588
3584
2068
2060
2056
2049
3654
3659
3625
2066
3862
2053
3858
3650
3622
3618
7691
0
0
0
0
2052
3585
3658
3591
0
3616
2057
2067
3654
3859
2048
3625
3651
3862
3623
3595
2071
6159
0
2056
3861
3616
3856
3648
3620
3588
2068
2060
2065
2054
3653
3659
3585
2050
3627
0
7690
3592
3584
2068
2060
2056
3653
3626
3623
2049
2066
3862
2053
3858
3658
3650
3618
7687
0
3624
2065
2060
3860
3656
3616
3592
2068
2056
3857
3590
3585
3623
3649
2050
2055
0
7750
0
0
0
0
3648
3857
3622
2063
0
2052
2049
2067
3626
3863
3592
3653
3659
3586
3619
3591
2071
6155
0
3595
3620
2053
3590
3616
3653
3862
2060
3649
3858
2056
2049
2067
3659
3627
3587
6167
0
0
3620
3585
2050
3616
3861
3654
2056
3857
3650
3588
2055
2062
2067
3659
3627
3595
6167
0
0
0
0
0
0
2056
3621
3654
3863
0
0
0
3584
3617
3650
3859
0
0
0
2052
3593
2064
3656
3624
3588
2068
2062
6147
0
2067
3659
3623
3587
3592
3649
3862
2071
0
0
3588
3625
3858
0
0
0
2056
2061
2050
0
0
0
2052
3617
7750
0
0
0
0
0
3652
3649
2058
3587
0
0
3624
0
3857
3590
3863
2066
2048
3658
3622
2061
3594
2070
3616
6151
0
0
0
0
0
3652
3861
3594
2059
0
0
3648
0
3617
2062
3859
2066
3624
3658
3622
3585
3590
2070
2048
6151
3588
3584
2068
2060
2056
2053
3622
3627
2049
2066
3862
3657
3858
3654
3650
3618
7691
0
0
0
0
3648
3857
3622
3591
0
2052
3657
2067
3626
3863
2060
2049
3655
3586
3619
3595
2071
6155
0
3620
2065
2060
3860
3652
3616
3588
2068
2056
3857
2054
3585
3627
3649
3658
3595
0
6146
0
2067
3655
3627
3587
3592
3649
3862
2071
0
0
3588
2061
3858
0
0
0
2056
3621
3658
0
0
0
2052
3617
6146
0
0
0
0
0
2052
3861
2062
2059
0
0
3648
0
3617
3590
3859
2066
2048
3654
3626
3585
3594
2070
3620
7755
0
0
0
0
0
2052
3649
3594
3587
0
0
2048
0
3857
2058
3863
2066
3620
3654
3626
2061
3590
2070
3616
7755
0
3591
2048
3657
3594
3616
2053
3862
2060
3649
3858
2056
3625
2067
3655
3623
3587
6167
0
0
0
0
0
0
3588
2061
2050
3863
0
0
0
3584
3617
3650
3859
0
0
0
2052
2057
2064
3652
3620
3592
2068
3626
7755
0
0
2060
3585
3658
3616
3861
2050
3592
3857
3650
2056
2055
3626
2067
3655
3623
3591
6167
3652
3624
3620
3592
3588
2068
2064
2052
2048
3857
3650
3587
2057
2062
3658
3617
7959
2060
2056
0
2051
0
3653
3622
2055
0
0
2071
3593
3590
2067
3863
3859
3651
3625
3658
3619
7683
3863
3859
3659
2048
2053
3622
2068
3651
2064
3589
3654
3627
3619
3595
3587
2063
6155
3863
3859
3655
2048
3593
3658
2068
3651
2064
2053
3626
3623
3619
3591
3587
2063
6155
0
2067
3863
3620
2049
3654
2068
3859
3656
2053
3590
3651
3627
3619
3595
3587
2063
6155
0
2064
2070
3616
3856
3648
3624
3592
2060
3621
3862
3655
2058
2049
3658
3591
3586
6149
0
0
0
0
0
3620
3585
3658
2051
0
0
3616
2057
2071
3654
2067
3859
3592
2053
3651
3862
3627
3591
6159
0
2067
3863
2052
2049
3658
2068
3859
3652
3625
3594
3651
3623
3619
3591
3587
2063
6155
0
0
0
0
0
2052
3585
3658
3591
0
0
3616
2057
2071
3654
2067
3859
2048
3625
3651
3862
3623
3595
6159
0
2064
2070
3616
3856
3648
3620
3588
2060
2053
3862
3659
2058
2049
3654
3627
3586
7689
0
2067
3863
2052
3653
3622
2068
3859
3624
2049
3590
3659
3651
3619
3595
3587
2063
6155
0
3624
2070
2064
3860
3656
3616
3592
2056
3589
2062
3623
3858
2049
3586
2055
3650
7749
0
0
0
0
0
3648
3857
3622
2063
0
0
2052
2049
2071
3626
2067
3863
3592
3653
3659
3586
3619
3591
6155
0
0
2060
3621
2059
3648
3590
3653
2068
3595
3861
3616
2050
3857
2067
3659
2054
3627
7683
0
0
3860
3653
2058
3856
3623
3589
2068
3618
2055
3648
3585
2062
2051
2066
3658
3626
7690
0
0
2071
0
2067
3659
3627
3592
3649
3862
3591
0
0
0
0
2056
2061
3858
0
0
0
0
0
3584
3621
2050
0
0
0
0
0
2052
3617
7750
0
0
2071
0
2067
3659
3592
3649
3862
3623
3587
0
0
3588
3625
3858
0
0
0
0
2056
2061
2050
0
0
0
0
2052
3617
7750
0
0
0
0
0
0
3652
2057
3586
3651
0
0
0
3624
3589
3862
0
2069
3859
2065
2048
3657
3621
3593
2054
0
2063
7712
0
0
0
0
0
0
3652
3593
2058
3863
0
0
0
3648
2061
3858
0
2069
3619
2065
3624
3657
3621
3589
2054
0
3587
6144
0
2067
3863
3656
2053
3626
2068
3859
3620
2049
3594
3655
3651
3619
3591
3587
2063
6155
0
0
0
0
0
3648
3857
3622
3591
0
0
2052
3657
2071
3626
2067
3863
2060
2049
3655
3586
3619
3595
6155
0
3620
2070
2064
3860
3652
3616
3588
2056
2053
2062
3627
3858
3657
3586
3595
3650
6145
0
0
2071
0
2067
3655
3592
3649
3862
3627
3587
0
0
3588
2061
3858
0
0
0
0
2056
3621
3658
0
0
0
0
2052
3617
6146
0
0
0
0
0
0
2052
2061
2058
3863
0
0
0
3648
3589
3858
0
2069
3619
2065
2048
3653
3625
3593
3658
0
3587
7716
0
0
0
0
0
0
2052
3593
3586
3651
0
0
0
2048
2057
3862
0
2069
3859
2065
3620
3653
3625
3589
3658
0
2063
7712
0
0
2060
3657
2059
3648
3594
2053
2068
3591
3861
3616
2050
3857
2067
3655
3626
3623
7683
0
0
2071
0
2067
3655
3623
2056
3649
3862
3595
0
0
0
0
3588
3625
3858
0
0
0
0
0
3584
2061
3658
0
0
0
0
0
2052
3617
6146
0
0
3860
3593
2058
3856
3587
2049
2068
3618
2055
3648
3625
2062
3659
2066
3654
3622
7686
3652
3624
3620
3592
3588
2068
2064
2052
2048
3857
3650
3587
2057
2062
3658
3617
7959
0
0
0
0
0
0
0
0
0
0
0
0
0
0
0
0
0
0
0
0
0
0
0
0
0
0
0
0
0
0
0
0
0
0
0
0
0
0
0
0
0
0
0
0
0
0
0
0
0
0
0
0
0
0
0
0
0
0
0
0
0
0
0
0
0
0
0
0
0
0
0
0
0
0
0
0
0
0
0
0
0
0
0
0
0
0
0
0
0
0
0
0
0
0
0
0
0
0
0
0
0
0
0
0
0
0
0
0
0
0
0
0
0
0
0
0
0
0
0
0
0
0
0
0
0
0
0
0
0
0
0
0
0
0
0
0
0
0
0
0
0
0
0
0
0
0
0
0
0
0
0
0
0
0
0
0
0
0
0
0
0
0
0
0
0
0
0
0
0
0
0
0
0
0
0
0
0
0
0
0
0
0
0
0
0
0
0
0
0
0
0
0
0
0
0
0
0
0
0
0
0
0
0
0
0
0
0
0
0
0
0
0
0
0
0
0
0
0
0
0
0
0
0
0
0
0
0
0
0
0
0
0
0
0
0
0
0
0
0
0
0
0
0
0
0
0
0
0
0
0
0
0
0
0
0
0
0
0
0
0
0
0
0
0
0
0
0
0
0
0
0
0
0
0
0
0
0
0
0
0
0
0
0
0
0
0
0
0
0
0
0
0
0
0
0
0
0
0
0
0
0
0
0
0
0
0
0
0
0
0
0
0
0
0
0
0
0
0
0
0
0
0
0
0
0
0
0
0
0
0
0
0
0
0
0
0
0
0
0
0
0
0
0
0
0
0
0
0
0
0
0
0
0
0
0
0
0
0
0
0
0
0
0
0
0
0
0
0
0
0
0
0
0
0
0
0
0
0
0
0
0
0
0
0
0
0
0
0
0
0
0
0
0
0
0
0
0
0
0
0
0
0
0
0
0
0
0
0
0
0
0
0
0
0
0
0
0
0
0
0
0
0
0
0
0
0
0
0
0
0
0
0
0
0
0
0
0
0
0
0
0
0
0
0
0
0
0
0
0
0
0
0
0
0
0
0
0
0
0
0
0
0
0
0
0
0
0
0
0
0
0
0
0
0
0
0
0
0
0
0
0
0
0
0
0
0
0
0
0
0
0
0
0
0
0
0
0
0
0
0
0
0
0
0
0
0
0
0
0
0
0
0
0
0
0
0
0
0
0
0
0
0
0
0
0
0
0
0
0
0
0
0
0
0
0
0
0
0
0
0
0
0
0
0
0
0
0
0
0
0
0
0
0
0
0
0
0
0
0
0
0
0
0
0
0
0
0
0
0
0
0
0
0
0
0
0
0
0
0
0
0
0
0
0
0
0
0
0
0
0
0
0
0
0
0
0
0
0
0
0
0
0
0
0
0
0
0
0
0
0
0
0
0
0
0
0
0
0
0
0
0
0
0
0
0
0
0
0
0
0
0
0
0
0
0
0
0
0
0
0
0
0
0
0
0
0
0
0
0
0
0
0
0
0
0
0
0
0
0
0
0
0
0
0
0
0
0
0
0
0
0
0
0
0
0
0
0
0
0
0
0
0
0
0
0
0
0
0
0
0
0
0
0
0
0
0
0
0
0
0
0
0
0
0
0
0
0
0
0
0
0
0
0
0
0
0
0
0
0
0
0
0
0
0
0
0
0
0
0
0
0
0
0
0
0
0
0
0
0
0
0
0
0
0
0
0
0
0
0
0
0
0
0
0
0
0
0
0
0
0
0
0
0
0
0
0
0
0
0
0
0
0
0
0
0
0
0
0
0
0
0
0
0
0
0
0
0
0
0
0
0
0
0
0
0
0
0
0
0
0
0
0
0
0
0
0
0
0
0
0
0
0
0
0
0
0
0
0
0
0
0
0
0
0
0
0
0
0
0
0
0
0
0
0
0
0
0
0
0
0
0
0
0
0
0
0
0
0
0
0
0
0
0
0
0
0
0
0
0
0
0
0
0
0
0
0
0
0
0
0
0
0
0
0
0
0
0
0
0
0
0
0
0
0
0
0
0
0
0
0
0
0
0
0
0
0
0
0
0
0
0
0
0
0
0
0
0
0
0
0
0
0
0
0
0
0
0
0
0
0
0
0
0
0
0
0
0
0
0
0
0
0
0
0
0
0
0
0
0
0
0
0
0
0
0
0
0
0
0
0
0
0
0
0
0
0
0
0
0
0
0
0
0
0
0
0
0
0
0
0
0
0
0
0
0
0
0
0
0
0
0
0
0
0
0
0
0
0
0
0
0
0
0
0
0
0
0
0
0
0
0
0
0
0
0
0
0
0
0
0
0
0
0
0
0
0
0
0
0
0
0
0
0
0
0
0
0
0
0
0
0
0
0
0
0
0
0
0
0
0
0
0
0
0
0
0
0
0
0
0
0
0
0
0
0
0
0
0
0
0
0
0
0
0
0
0
0
0
0
0
0
0
0
0
0
0
0
0
0
0
0
0
0
0
0
0
0
0
0
0
0
0
0
0
0
0
0
0
0
0
0
0
0
0
0
0
0
0
0
0
0
0
0
0
0
0
0
0
0
0
0
0
0
0
0
0
0
0
0
0
0
0
0
0
0
0
0
0
0
0
0
0
0
0
0
0
0
0
0
0
0
0
0
0
0
0
0
0
0
0
0
0
0
0
0
0
0
0
0
0
0
0
0
0
0
0
0
0
0
0
0
0
0
0
0
0
0
0
0
0
0
0
0
0
0
0
0
0
0
0
0
0
0
0
0
0
0
0
0
0
0
0
0
0
0
0
0
0
0
0
0
0
0
0
0
0
0
0
0
0
0
0
0
0
0
0
0
0
0
0
0
0
0
0
0
0
0
0
0
0
0
0
0
0
0
0
0
0
0
0
0
0
0
0
0
0
0
0
0
0
0
0
0
0
0
0
0
0
0
0
0
0
0
0
0
0
0
0
0
0
0
0
0
0
0
0
0
0
0
0
0
0
0
0
0
0
0
0
0
0
0
0
0
0
0
0
0
0
0
0
0
0
0
0
0
0
0
0
0
0
0
0
0
0
0
0
0
0
0
0
0
0
0
0
0
0
0
0
0
0
0
0
0
0
0
0
0
0
0
0
0
0
0
0
0
0
0
0
0
0
0
0
0
0
0
0
0
0
0
0
0
0
0
0
0
0
0
0
0
0
0
0
0
0
0
0
0
0
0
0
0
0
0
0
0
0
0
0
0
0
0
0
0
0
0
0
0
0
0
0
0
0
0
0
0
0
0
0
0
0
0
0
0
0
0
0
0
0
0
0
0
0
0
0
0
0
0
0
0
0
0
0
0
0
0
0
0
0
0
0
0
0
0
0
0
0
0
0
0
0
0
0
0
0
0
0
0
0
0
0
0
0
0
0
0
0
0
0
0
0
0
0
0
0
0
0
0
0
0
0
0
0
0
0
0
0
0
0
0
0
0
0
0
0
0
0
0
0
0
0
0
0
0
0
0
0
0
0
0
0
0
0
0
0
0
0
0
0
0
0
0
0
0
0
0
0
0
0
0
0
0
0
0
0
0
0
0
0
0
0
0
0
0
0
0
0
0
0
0
0
0
0
0
0
0
0
0
0
0
0
0
0
0
0
0
0
0
0
0
0
0
0
0
0
0
0
0
0
0
0
0
0
0
0
0
0
0
0
0
0
0
0
0
0
0
0
0
0
0
0
0
0
0
0
0
0
0
0
0
0
0
0
0
0
0
0
0
0
0
0
0
0
0
0
0
0
0
0
0
0
0
0
0
0
0
0
0
0
0
0
0
0
0
0
0
0
0
0
0
0
0
0
0
0
0
0
0
0
0
0
0
0
0
0
0
0
0
0
0
0
0
0
0
0
0
0
0
0
0
0
0
0
0
0
0
0
0
0
0
0
0
0
0
0
0
0
0
0
0
0
0
0
0
0
0
0
0
0
0
0
0
0
0
0
0
0
0
0
0
0
0
0
0
0
0
0
0
0
0
0
0
0
0
0
0
0
0
0
0
0
0
0
0
0
0
0
0
0
0
0
0
0
0
0
0
0
0
0
0
0
0
0
0
0
0
0
0
0
0
0
0
0
0
0
0
0
0
0
0
0
0
0
0
0
0
0
0
0
0
0
0
0
0
0
0
0
0
0
0
0
0
0
0
0
0
0
0
0
0
0
0
0
0
0
0
0
0
0
0
0
0
0
0
0
0
0
0
0
0
0
0
0
0
0
0
0
0
0
0
0
0
0
0
0
0
0
0
0
0
0
0
0
0
0
0
0
0
0
0
0
0
0
0
0
0
0
0
0
0
0
0
0
0
0
0
0
0
0
0
0
0
0
0
0
0
0
0
0
0
0
0
0
0
0
0
0
0
0
0
0
0
0
0
0
0
0
0
0
0
0
0
0
0
0
0
0
0
0
0
0
0
0
0
0
0
0
0
0
0
0
0
0
0
0
0
0
0
0
0
0
0
0
0
0
0
0
0
0
0
0
0
0
0
0
0
0
0
0
0
0
0
0
0
0
0
0
0
0
0
0
0
0
0
0
0
0
0
0
0
0
0
0
0
0
0
0
0
0
0
0
0
0
0
0
0
0
0
0
0
0
0
0
0
0
0
0
0
0
0
0
0
0
0
0
0
0
0
0
0
0
0
0
0
0
0
0
0
0
0
0
0
0
0
0
0
0
0
0
0
0
0
0
0
0
0
0
0
0
0
0
0
0
0
0
0
0
0
0
0
0
0
0
0
0
0
0
0
0
0
0
0
0
0
0
0
0
0
0
0
0
0
0
0
0
0
0
0
0
0
0
0
0
0
0
0
0
0
0
0
0
0
0
0
0
0
0
0
0
0
0
0
0
0
0
0
0
0
0
0
0
0
0
0
0
0
0
0
0
0
0
0
0
0
0
0
0
0
0
0
0
0
0
0
0
0
0
0
0
0
0
0
0
0
0
0
0
0
0
0
0
0
0
0
0
0
0
0
0
0
0
0
0
0
0
0
0
0
0
0
0
0
0
0
0
0
0
0
0
0
0
0
0
0
0
0
0
0
0
0
0
0
0
0
0
0
0
0
0
0
0
0
0
0
0
0
0
0
0
0
0
0
0
0
0
0
0
0
0
0
0
0
0
0
0
0
0
0
0
0
0
0
0
0
0
0
0
0
0
0
0
0
0
0
0
0
0
0
0
0
0
0
0
0
0
0
0
0
0
0
0
0
0
0
0
0
0
0
0
0
0
0
0
0
0
0
0
0
0
0
0
0
0
0
0
0
0
0
0
0
0
0
0
0
0
0
0
0
0
0
0
0
0
0
0
0
0
0
0
0
0
0
0
0
0
0
0
0
0
0
0
0
0
0
0
0
0
0
0
0
0
0
0
0
0
0
0
0
0
0
0
0
0
0
0
0
0
0
0
0
0
0
0
0
0
0
0
0
0
0
0
0
0
0
0
0
0
0
0
0
0
0
0
0
0
0
0
0
0
0
0
0
0
0
0
0
0
0
0
0
0
0
0
0
0
0
0
0
0
0
0
0
0
0
0
0
0
0
0
0
0
0
0
0
0
0
0
0
0
0
0
0
0
0
0
0
0
0
0
0
0
0
0
0
0
0
0
0
0
0
0
0
0
0
0
0
0
0
0
0
0
0
0
0
0
0
0
0
0
0
0
0
0
0
0
0
0
0
0
0
0
0
0
0
0
0
0
0
0
0
0
0
0
0
0
0
0
0
0
0
0
0
0
0
0
0
0
0
0
0
0
0
0
0
0
0
0
0
0
0
0
0
0
0
0
0
0
0
0
0
0
0
0
0
0
0
0
0
0
0
0
0
0
0
0
0
0
0
0
0
0
0
0
0
0
0
0
0
0
0
0
0
0
0
0
0
0
0
0
0
0
0
0
0
0
0
0
0
0
0
0
0
0
0
0
0
0
0
0
0
0
0
0
0
0
0
0
0
0
0
0
0
0
0
0
0
0
0
0
0
0
0
0
0
0
0
0
0
0
0
0
0
0
0
0
0
0
0
0
0
0
0
0
0
0
0
0
0
0
0
0
0
0
0
0
0
0
0
0
0
0
0
0
0
0
0
0
0
0
0
0
0
0
0
0
0
0
0
0
0
0
0
0
0
0
0
0
0
0
0
0
0
0
0
0
0
0
0
0
0
0
0
0
0
0
0
0
0
0
0
0
0
0
0
0
0
0
0
0
0
0
0
0
0
0
0
0
0
0
0
0
0
0
0
0
0
0
0
0
0
0
0
0
0
0
0
0
0
0
0
0
0
0
0
0
0
0
0
0
0
0
0
0
0
0
0
0
0
0
0
0
0
0
0
0
0
0
0
0
0
0
0
0
0
0
0
0
0
0
0
0
0
0
0
0
0
0
0
0
0
0
0
0
0
0
0
0
0
0
0
0
0
0
0
0
0
0
0
0
0
0
0
0
0
0
0
0
0
0
0
0
0
0
0
0
0
0
0
0
0
0
0
0
0
0
0
0
0
0
0
0
0
0
0
0
0
0
0
0
0
0
0
0
0
0
0
0
0
0
0
0
0
