int
0
1
2
81
3
4
5
81
6
7
8
81
81
81
81
81
9
10
11
81
12
13
14
81
15
16
17
81
81
81
81
81
18
19
20
81
21
22
23
81
24
25
26
81
81
81
81
81
81
81
81
81
81
81
81
81
81
81
81
81
81
81
81
81
27
28
29
81
30
31
32
81
33
34
35
81
81
81
81
81
36
37
38
81
39
40
41
81
42
43
44
81
81
81
81
81
45
46
47
81
48
49
50
81
51
52
53
81
81
81
81
81
81
81
81
81
81
81
81
81
81
81
81
81
81
81
81
81
54
55
56
81
57
58
59
81
60
61
62
81
81
81
81
81
63
64
65
81
66
67
68
81
69
70
71
81
81
81
81
81
72
73
74
81
75
76
77
81
78
79
80
81
81
81
81
81
81
81
81
81
81
81
81
81
81
81
81
81
81
81
81
81
81
81
81
81
81
81
81
81
81
81
81
81
81
81
81
81
81
81
81
81
81
81
81
81
81
81
81
81
81
81
81
81
81
81
81
81
81
81
81
81
81
81
81
81
81
81
81
81
81
81
81
81
81
81
81
81
81
81
81
81
81
81
81
81
