int
2068
0
2062
0
0
2058
0
0
2086
0
0
3625
2082
3659
0
2078
0
0
2054
0
0
2050
0
3621
2066
3655
2102
3650
3618
3586
2114
2110
2106
2098
2094
3589
2090
2074
7691
0
0
2056
2051
0
3588
3657
2103
2084
3622
3651
2080
3625
3619
2076
2065
3595
2052
2061
3654
3587
2115
2111
2107
2099
2095
2091
2075
6167
0
0
3592
2051
0
2056
3653
2103
2084
3658
3651
2080
3621
3619
2076
2065
3591
2052
2061
3626
3587
2115
2111
2107
2099
2095
2091
2075
6167
0
0
3620
2051
0
2056
3657
2103
2084
3590
3651
2080
3593
3627
2076
2065
3619
2052
2061
3654
3587
2115
2111
2107
2099
2095
2091
2075
6167
0
0
2054
0
0
3622
2080
2061
2086
0
0
3590
3655
2076
2069
2050
0
2102
3650
3626
3584
2065
3594
2056
2114
2110
2106
2098
3617
2094
2090
2074
7755
0
0
0
0
0
0
0
0
0
2060
2065
2078
3659
0
0
0
0
0
0
3584
3621
2054
0
0
2086
3655
0
2058
0
2048
3617
2102
3650
3626
3590
2114
2110
2106
2098
2080
3593
2094
2090
2074
6167
0
0
2060
2051
0
2056
3653
2103
2084
3658
3651
2080
3589
3623
2076
2065
3619
2052
3625
3594
3587
2115
2111
2107
2099
2095
2091
2075
6167
0
0
0
0
0
0
0
0
0
3588
3625
2078
3659
0
0
0
0
0
0
3584
2065
2054
0
0
2086
3655
0
2058
0
2048
3617
2102
3650
3622
3594
2114
2110
2106
2098
2080
2061
2094
2090
2074
6167
0
0
3626
0
0
2054
2080
2061
3594
0
0
2086
3659
2076
2069
2050
0
2102
3650
3622
3584
2065
3590
2056
2114
2110
2106
2098
3617
2094
2090
2074
7751
0
0
2060
2051
0
2056
3593
2103
2084
3622
3659
2080
3625
3651
2076
2065
3619
2052
3653
3590
3587
2115
2111
2107
2099
2095
2091
2075
6167
0
0
3654
0
0
2054
2064
2073
2082
0
0
3590
3623
2076
2057
2050
0
2102
3658
3618
3584
3649
3594
2060
2114
2110
2106
2098
2085
2094
2090
2070
7723
0
0
0
0
0
0
0
0
0
2048
3653
2078
3623
0
0
0
0
0
0
3584
3649
2074
0
0
2082
3627
0
2062
0
2084
2065
2102
3658
3618
3590
2114
2110
2106
2098
2056
3593
2094
2090
2070
6151
0
0
2054
0
0
3654
2072
2085
2050
0
0
3622
3591
3616
2081
2078
0
0
2066
0
2068
3649
2102
3658
3626
3586
2114
2056
2061
2110
2106
2098
2094
2090
7691
0
0
3623
0
0
2055
0
2103
3659
3627
3584
2061
2074
3595
2115
2111
2107
2099
2095
2091
0
2080
3617
2070
0
0
0
0
0
0
0
0
2076
2057
3650
3588
0
0
3652
0
0
2048
0
0
2085
6162
0
0
0
0
0
0
0
0
0
0
0
0
0
2060
3585
3622
2087
0
0
0
0
0
0
0
0
0
0
2056
2073
3618
3655
0
0
0
0
0
0
0
0
0
0
2052
2069
3594
3651
0
0
0
0
0
0
0
0
0
0
2048
2065
2100
3656
3624
3588
2112
2108
2104
2096
2092
2088
2078
6179
0
0
0
0
0
0
0
0
0
2084
3649
2071
3594
0
0
0
0
0
0
2080
3625
2051
0
0
2079
3590
0
2067
0
2052
2057
2103
3659
3623
3587
2062
2115
2111
2107
2072
3617
2099
2095
2091
0
7750
0
0
0
0
0
0
0
0
0
0
0
0
3652
3585
2062
2075
0
0
0
0
0
0
0
0
0
3624
0
2081
3618
2071
0
0
0
0
0
0
0
0
2048
0
0
2077
2058
3651
0
0
0
0
0
0
0
2052
0
2100
3656
3620
3592
2112
2108
2104
2096
2092
2088
3589
2086
6163
0
0
0
0
0
0
0
0
0
0
0
0
3652
3585
2062
2075
0
0
0
0
0
0
0
0
0
3624
0
2081
3618
2071
0
0
0
0
0
0
0
0
2048
0
0
2077
2058
3651
0
0
0
0
0
0
0
3592
0
2100
3656
3620
3588
2112
2108
2104
2096
2092
2088
2053
2086
6163
0
0
2060
2051
0
2056
3589
2103
2084
3594
3655
2080
3621
3651
2076
3657
3619
2052
2065
3626
3587
2115
2111
2107
2099
2095
2091
2075
6167
0
0
0
0
0
0
0
0
0
3588
2053
2078
3623
0
0
0
0
0
0
3584
3649
2074
0
0
2082
3627
0
2062
0
2084
2065
2102
3654
3618
3594
2114
2110
2106
2098
2056
2049
2094
2090
2070
7755
0
0
2062
0
0
2054
2064
2073
3594
0
0
2082
3627
2076
2057
2050
0
2102
3654
3618
3584
3649
3590
3656
2114
2110
2106
2098
2085
2094
2090
2070
7719
0
0
0
0
0
0
0
0
0
2084
3649
2071
3594
0
0
0
0
0
0
2080
2057
2051
0
0
2079
3590
0
2067
0
2052
3621
2103
3655
3627
3587
3658
2115
2111
2107
2072
3617
2099
2095
2091
0
6158
0
0
0
0
0
0
0
0
0
0
0
0
3588
3585
2062
2075
0
0
0
0
0
0
0
0
0
2048
0
2081
3618
2071
0
0
0
0
0
0
0
0
3620
0
0
2077
2058
3651
0
0
0
0
0
0
0
2052
0
2100
3652
3624
3592
2112
2108
2104
2096
2092
2088
3657
2086
6163
0
0
0
0
0
0
0
0
0
0
0
0
2052
3585
2062
2075
0
0
0
0
0
0
0
0
0
2048
0
2081
3618
2071
0
0
0
0
0
0
0
0
3620
0
0
2077
2058
3651
0
0
0
0
0
0
0
3592
0
2100
3652
3624
3588
2112
2108
2104
2096
2092
2088
3657
2086
6163
0
0
3658
0
0
2054
2072
2085
3626
0
0
2050
3595
3616
2081
2078
0
0
2066
0
2068
3649
2102
3654
3622
3586
2114
2056
2061
2110
2106
2098
2094
2090
7687
0
0
0
0
0
0
0
0
0
0
0
0
0
2060
3585
2082
3659
0
0
0
0
0
0
0
0
0
0
2056
2073
3618
2087
0
0
0
0
0
0
0
0
0
0
2052
2069
2078
3651
0
0
0
0
0
0
0
0
0
0
2048
2065
2100
3652
3620
3592
2112
2108
2104
2096
2092
2088
3590
7723
0
0
2051
0
0
3595
0
2103
3655
3623
3584
2061
2074
3591
2115
2111
2107
2099
2095
2091
0
2080
3617
2070
0
0
0
0
0
0
0
0
2076
2057
3650
3656
0
0
2052
0
0
3624
0
0
2085
6162
0
0
0
0
0
0
0
0
0
0
2056
2065
2074
2083
0
0
0
0
0
0
0
2084
2061
2070
2079
3659
3655
3627
3623
3595
3591
2115
3584
3617
3650
2111
2107
2103
2099
2095
2091
2055
6147
0
0
0
0
0
0
0
0
0
0
0
0
0
0
0
0
0
0
0
0
0
0
0
0
0
0
0
0
0
0
0
0
0
0
0
0
0
0
0
0
0
0
0
0
0
0
0
0
0
0
0
0
0
0
0
0
0
0
0
0
0
0
0
0
0
0
0
0
0
0
0
0
0
0
0
0
0
0
0
0
0
0
0
0
0
0
0
0
0
0
0
0
0
0
0
0
0
0
0
0
0
0
0
0
0
0
0
0
0
0
0
0
0
0
0
0
0
0
0
0
0
0
0
0
0
0
0
0
0
0
0
0
0
0
0
0
0
0
0
0
0
0
0
0
0
0
0
0
0
0
0
0
0
0
0
0
0
0
0
0
0
0
0
0
0
0
0
0
0
0
0
0
0
0
0
0
0
0
0
0
0
0
0
0
0
0
0
0
0
0
0
0
0
0
0
0
0
0
0
0
0
0
0
0
0
0
0
0
0
0
0
0
0
0
0
0
0
0
0
0
0
0
0
0
0
0
0
0
0
0
0
0
0
0
0
0
0
0
0
0
0
0
0
0
0
0
0
0
0
0
0
0
0
0
0
0
0
0
0
0
0
0
0
0
0
0
0
0
0
0
0
0
0
0
0
0
0
0
0
0
0
0
0
0
0
0
0
0
0
0
0
0
0
0
0
0
0
0
0
0
0
0
0
0
0
0
0
0
0
0
0
0
0
0
0
0
0
0
0
0
0
0
0
0
0
0
0
0
0
0
0
0
0
0
0
0
0
0
0
0
0
0
0
0
0
0
0
0
0
0
0
0
0
0
0
0
0
0
0
0
0
0
0
0
0
0
0
0
0
0
0
0
0
0
0
0
0
0
0
0
0
0
0
0
0
0
0
0
0
0
0
0
0
0
0
0
0
0
0
0
0
0
0
0
0
0
0
0
0
0
0
0
0
0
0
0
0
0
0
0
0
0
0
0
0
0
0
0
0
0
0
0
0
0
0
0
0
0
0
0
0
0
0
0
0
0
0
0
0
0
0
0
0
0
0
0
0
0
0
0
0
0
0
0
0
0
0
0
0
0
0
0
0
0
0
0
0
0
0
0
0
0
0
0
0
0
0
0
0
0
0
0
0
0
0
0
0
0
0
0
0
0
0
0
0
0
0
0
0
0
0
0
0
0
0
0
0
0
0
0
0
0
0
0
0
0
0
0
0
0
0
0
0
0
0
0
0
0
0
0
0
0
0
0
0
0
0
0
0
0
0
0
0
0
0
0
0
0
0
0
0
0
0
0
0
0
0
0
0
0
0
0
0
0
0
0
0
0
0
0
0
0
0
0
0
0
0
0
0
0
0
0
0
0
0
0
0
0
0
0
0
0
0
0
0
0
0
0
0
0
0
0
0
0
0
0
0
0
0
0
0
0
0
0
0
0
0
0
0
0
0
0
0
0
0
0
0
0
0
0
0
0
0
0
0
0
0
0
0
0
0
0
0
0
0
0
0
0
0
0
0
0
0
0
0
0
0
0
0
0
0
0
0
0
0
0
0
0
0
0
0
0
0
0
0
0
0
0
0
0
0
0
0
0
0
0
0
0
0
0
0
0
0
0
0
0
0
0
0
0
0
0
0
0
0
0
0
0
0
0
0
0
0
0
0
0
0
0
0
0
0
0
0
0
0
0
0
0
0
0
0
0
0
0
0
0
0
0
0
0
0
0
0
0
0
0
0
0
0
0
0
0
0
0
0
0
0
0
0
0
0
0
0
0
0
0
0
0
0
0
0
0
0
0
0
0
0
0
0
0
0
0
0
0
0
0
0
0
0
0
0
0
0
0
0
0
0
0
0
0
0
0
0
0
0
0
0
0
0
0
0
0
0
0
0
0
0
0
0
0
0
0
0
0
0
0
0
0
0
0
0
0
0
0
0
0
0
0
0
0
0
0
0
0
0
0
0
0
0
0
0
0
0
0
0
0
0
0
0
0
0
0
0
0
0
0
0
0
0
0
0
0
0
0
0
0
0
0
0
0
0
0
0
0
0
0
0
0
0
0
0
0
0
0
0
0
0
0
0
0
0
0
0
0
0
0
0
0
0
0
0
0
0
0
0
0
0
0
0
0
0
0
0
0
0
0
0
0
0
0
0
0
0
0
0
0
0
0
0
0
0
0
0
0
0
0
0
0
0
0
0
0
0
0
0
0
0
0
0
0
0
0
0
0
0
0
0
0
0
0
0
0
0
0
0
0
0
0
0
0
0
0
0
0
0
0
0
0
0
0
0
0
0
0
0
0
0
0
0
0
0
0
0
0
0
0
0
0
0
0
0
0
0
0
0
0
0
0
0
0
0
0
0
0
0
0
0
0
0
0
0
0
0
0
0
0
0
0
0
0
0
0
0
0
0
0
0
0
0
0
0
0
0
0
0
0
0
0
0
0
0
0
0
0
0
0
0
0
0
0
0
0
0
0
0
0
0
0
0
0
0
0
0
0
0
0
0
0
0
0
0
0
0
0
0
0
0
0
0
0
0
0
0
0
0
0
0
0
0
0
0
0
0
0
0
0
0
0
0
0
0
0
0
0
0
0
0
0
0
0
0
0
0
0
0
0
0
0
0
0
0
0
0
0
0
0
0
0
0
0
0
0
0
0
0
0
0
0
0
0
0
0
0
0
0
0
0
0
0
0
0
0
0
0
0
0
0
0
0
0
0
0
0
0
0
0
0
0
0
0
0
0
0
0
0
0
0
0
0
0
0
0
0
0
0
0
0
0
0
0
0
0
0
0
0
0
0
0
0
0
0
0
0
0
0
0
0
0
0
0
0
0
0
0
0
0
0
0
0
0
0
0
0
0
0
0
0
0
0
0
0
0
0
0
0
0
0
0
0
0
0
0
0
0
0
0
0
0
0
0
0
0
0
0
0
0
0
0
0
0
0
0
0
0
0
0
0
0
0
0
0
0
0
0
0
0
0
0
0
0
0
0
0
0
0
0
0
0
0
0
0
0
0
0
0
0
0
0
0
0
0
0
0
0
0
0
0
0
0
0
0
0
0
0
0
0
0
0
0
0
0
0
0
0
0
0
0
0
0
0
0
0
0
0
0
0
0
0
0
0
0
0
0
0
0
0
0
0
0
0
0
0
0
0
0
0
0
0
0
0
0
0
0
0
0
0
0
0
0
0
0
0
0
0
0
0
0
0
0
0
0
0
0
0
0
0
0
0
0
0
0
0
0
0
0
0
0
0
0
0
0
0
0
0
0
0
0
0
0
0
0
0
0
0
0
0
0
0
0
0
0
0
0
0
0
0
0
0
0
0
0
0
0
0
0
0
0
0
0
0
0
0
0
0
0
0
0
0
0
0
0
0
0
0
0
0
0
0
0
0
0
0
0
0
0
0
0
0
0
0
0
0
0
0
0
0
0
0
0
0
0
0
0
0
0
0
0
0
0
0
0
0
0
0
0
0
0
0
0
0
0
0
0
0
0
0
0
0
0
0
0
0
0
0
0
0
0
0
0
0
0
0
0
0
0
0
0
0
0
0
0
0
0
0
0
0
0
0
0
0
0
0
0
0
0
0
0
0
0
0
0
0
0
0
0
0
0
0
0
0
0
0
0
0
0
0
0
0
0
0
0
0
0
0
0
0
0
0
0
0
0
0
0
0
0
0
0
0
0
0
0
0
0
0
0
0
0
0
0
0
0
0
0
0
0
0
0
0
0
0
0
0
0
0
0
0
0
0
0
0
0
0
0
0
0
0
0
0
0
0
0
0
0
0
0
0
0
0
0
0
0
0
0
0
0
0
0
0
0
0
0
0
0
0
0
0
0
0
0
0
0
0
0
0
0
0
0
0
0
0
0
0
0
0
0
0
0
0
0
0
0
0
0
0
0
0
0
0
0
0
0
0
0
0
0
0
0
0
0
0
0
0
0
0
0
0
0
0
0
0
0
0
0
0
0
0
0
0
0
0
0
0
0
0
0
0
0
0
0
0
0
0
0
0
0
0
0
0
0
0
0
0
0
0
0
0
0
0
0
0
0
0
0
0
0
0
0
0
0
0
0
0
0
0
0
0
0
0
0
0
0
0
0
0
0
0
0
0
0
0
0
0
0
0
0
0
0
0
0
0
0
0
0
0
0
0
0
0
0
0
0
0
0
0
0
0
0
0
0
0
0
0
0
0
0
0
0
0
0
0
0
0
0
0
0
0
0
0
0
0
0
0
0
0
0
0
0
0
0
0
0
0
0
0
0
0
0
0
0
0
0
0
0
0
0
0
0
0
0
0
0
0
0
0
0
0
0
0
0
0
0
0
0
0
0
0
0
0
0
0
0
0
0
0
0
0
0
0
0
0
0
0
0
0
0
0
0
0
0
0
0
0
0
0
0
0
0
0
0
0
0
0
0
0
0
0
0
0
0
0
0
0
0
0
0
0
0
0
0
0
0
0
0
0
0
0
0
0
0
0
0
0
0
0
0
0
0
0
0
0
0
0
0
0
0
0
0
0
0
0
0
0
0
0
0
0
0
0
0
0
0
0
0
0
0
0
0
0
0
0
0
0
0
0
0
0
0
0
0
0
0
0
0
0
0
0
0
0
0
0
0
0
0
0
0
0
0
0
0
0
0
0
0
0
0
0
0
0
0
0
0
0
0
0
0
0
0
0
0
0
0
0
0
0
0
0
0
0
0
0
0
0
0
0
0
0
0
0
0
0
0
0
0
0
0
0
0
0
0
0
0
0
0
0
0
0
0
0
0
0
0
0
0
0
0
0
0
0
0
0
0
0
0
0
0
0
0
0
0
0
0
0
0
0
0
0
0
0
0
0
0
0
0
0
0
0
0
0
0
0
0
0
0
0
0
0
0
0
0
0
0
0
0
0
0
0
0
0
0
0
0
0
0
0
0
0
0
0
0
0
0
0
0
0
0
0
0
0
0
0
0
0
0
0
0
0
0
0
0
0
0
0
0
0
0
0
0
0
0
0
0
0
0
0
0
0
0
0
0
0
0
0
0
0
0
0
0
0
0
0
0
0
0
0
0
0
0
0
0
0
0
0
0
0
0
0
0
0
0
0
0
0
0
0
0
0
0
0
0
0
0
0
0
0
0
0
0
0
0
0
0
0
0
0
0
0
0
0
0
0
0
0
0
0
0
0
0
0
0
0
0
0
0
0
0
0
0
0
0
0
0
0
0
0
0
0
0
0
0
0
0
0
0
0
0
0
0
0
0
0
0
0
0
0
0
0
0
0
0
0
0
0
0
0
0
0
0
0
0
0
0
0
0
0
0
0
0
0
0
0
0
0
0
0
0
0
0
0
0
0
0
0
0
0
0
0
0
0
0
0
0
0
0
0
0
0
0
0
0
0
0
0
0
0
0
0
0
0
0
0
0
0
0
0
0
0
0
0
0
0
0
0
0
0
0
0
0
0
0
0
0
0
0
0
0
0
0
0
0
0
0
0
0
0
0
0
0
0
0
0
0
0
0
0
0
0
0
0
0
0
0
0
0
0
0
0
0
0
0
0
0
0
0
0
0
0
0
0
0
0
0
0
0
0
0
0
0
0
0
0
0
0
0
0
0
0
0
0
0
0
0
0
0
0
0
0
0
0
0
0
0
0
0
0
0
0
0
0
0
0
0
0
0
0
0
0
0
0
0
0
0
0
0
0
0
0
0
0
0
0
0
0
0
0
0
0
0
0
0
0
0
0
0
0
0
0
0
0
0
0
0
0
0
0
0
0
0
0
0
0
0
0
0
0
0
0
0
0
0
0
0
0
0
0
0
0
0
0
0
0
0
0
0
0
0
0
0
0
0
0
0
0
0
0
0
0
0
0
0
0
0
0
0
0
0
0
0
0
0
0
0
0
0
0
0
0
0
0
0
0
0
0
0
0
0
0
0
0
0
0
0
0
0
0
0
0
0
0
0
0
0
0
0
0
0
0
0
0
0
0
0
0
0
0
0
0
0
0
0
0
0
0
0
0
0
0
0
0
0
0
0
0
0
0
0
0
0
0
0
0
0
0
0
0
0
0
0
0
0
0
0
0
0
0
0
0
0
0
0
0
0
0
0
0
0
0
0
0
0
0
0
0
0
0
0
0
0
0
0
0
0
0
0
0
0
0
0
0
0
0
0
0
0
0
0
0
0
0
0
0
0
0
0
0
0
0
0
0
0
0
0
0
0
0
0
0
0
0
0
0
0
0
0
0
0
0
0
0
0
0
0
0
0
0
0
0
0
0
0
0
0
0
0
0
0
0
0
0
0
0
0
0
0
0
0
0
0
0
0
0
0
0
0
0
0
0
0
0
0
0
0
0
0
0
0
0
0
0
0
0
0
0
0
0
0
0
0
0
0
0
0
0
0
0
0
0
0
0
0
0
0
0
0
0
0
0
0
0
0
0
0
0
0
0
0
0
0
0
0
0
0
0
0
0
0
0
0
0
0
0
0
0
0
0
0
0
0
0
0
0
0
0
0
0
0
0
0
0
0
0
0
0
