int
2119
2115
2104
2111
3625
2100
3658
2060
3648
3616
3584
2132
2128
2124
2120
3621
3654
2099
2095
2091
3589
3594
2087
2083
2079
2075
2071
2067
2059
2055
6147
2096
2092
2088
2084
2080
2076
2072
2068
2064
2056
2052
2048
2101
3622
3657
3651
2061
3654
3625
3619
3589
2106
3595
3587
2135
2131
2127
2123
2119
2115
6207
2096
2092
2088
2084
2080
2076
2072
2068
2064
2056
2052
2048
2101
3658
3653
3651
3593
3626
3621
3619
2061
2106
3591
3587
2135
2131
2127
2123
2119
2115
6207
2096
2092
2088
2084
2080
2076
2072
2068
2064
2056
2052
2048
2101
3590
3657
3651
2061
3654
3593
3627
3621
2106
3619
3587
2135
2131
2127
2123
2119
2115
6207
2123
2119
2052
3657
2060
3654
3588
2057
3620
3648
3624
3592
2132
2128
2124
3585
2106
2115
2073
2111
2102
3617
2095
2091
2098
2087
2083
2079
2071
2067
6147
0
0
0
2107
3584
3621
3658
3651
3627
2056
3617
3591
3654
2135
2052
3593
2131
2098
2127
2100
2073
2123
2062
2119
2115
2111
2095
2091
2087
2083
2079
2071
2067
6147
2096
2092
2088
2084
2080
2076
2072
2068
2064
2056
2052
2048
2101
3658
3653
3651
2061
3594
3625
3623
3589
2106
3619
3587
2135
2131
2127
2123
2119
2115
6207
0
0
0
2107
3584
2061
3658
3651
3623
2056
3617
3595
3654
2135
2052
2073
2131
2098
2127
2100
3589
2123
3626
2119
2115
2111
2095
2091
2087
2083
2079
2071
2067
6147
2123
2119
2052
3653
3592
3658
3624
2057
2060
3648
3620
3588
2132
2128
2124
3585
2106
2115
2073
2111
2102
3617
2095
2091
2098
2087
2083
2079
2071
2067
6147
2096
2092
2088
2084
2080
2076
2072
2068
2064
2056
2052
2048
2101
3622
2061
3659
3653
3590
3593
3651
3625
2106
3619
3587
2135
2131
2127
2123
2119
2115
6207
2123
2119
2048
2077
2060
3622
3652
3585
3588
3656
3616
3592
2132
2128
2124
3649
2106
2115
3625
2111
2102
2057
2095
2091
2098
2087
2083
2075
2071
2067
6151
0
0
0
2103
3584
3649
3622
3659
3619
2056
2077
3591
3626
2135
2104
3593
2131
2098
2127
2048
2061
2123
3654
2119
2115
2111
2095
2091
2087
2083
2075
2071
2067
6151
2123
2119
3592
2077
3620
3590
3652
3649
2060
3656
3624
3584
2132
2128
2124
2073
2102
2115
2053
2111
2106
3617
2099
2050
2095
2091
2087
2083
2071
2067
6155
2135
2131
2123
2048
2057
2098
2119
3616
2053
3588
2115
3652
2077
2124
2106
3620
3649
2060
3656
3624
3592
2073
2102
2111
2095
2091
2087
3586
2083
2071
6163
0
2111
0
2127
3659
3627
2052
3617
2074
3591
2135
2131
2123
2048
3593
3654
2119
2115
2095
2091
2060
2101
3650
2087
2083
2071
2067
2056
3585
2106
0
0
0
0
2076
2097
7718
0
0
0
0
2060
3649
3594
2075
3659
2104
3625
3623
3590
3587
2100
2053
2135
2050
2131
2076
3617
2127
3654
2123
2119
2115
2111
2099
2095
2091
2087
2083
2071
2067
6155
0
0
0
0
0
2060
2101
3586
2075
0
0
3652
0
2097
2058
3591
0
3624
2127
3659
2049
3650
3623
2052
3595
2135
2131
2077
2106
3616
2123
2119
2115
2111
2095
2091
2087
2083
2071
6163
0
0
0
0
0
2060
2097
3586
3595
0
0
3652
0
3617
2074
2079
0
3648
2127
3659
2053
2106
3623
3624
3591
2135
2131
2057
2102
2048
2123
2119
2115
2111
2095
2091
2087
2083
2071
6163
2096
2092
2088
2084
2080
2076
2072
2068
2064
2056
2052
2048
2101
3594
3657
3655
2061
3626
3589
3651
3621
2106
3619
3587
2135
2131
2127
2123
2119
2115
6207
0
0
0
2103
3584
3649
3622
3655
3619
2056
2077
3595
3626
2135
2104
2061
2131
3658
2127
2048
3589
2123
2098
2119
2115
2111
2095
2091
2087
2083
2075
2071
2067
6151
2123
2119
2048
2077
3656
3626
3592
3585
2060
3652
3616
3588
2132
2128
2124
3649
2106
2115
3621
2111
2102
2057
2095
2091
2098
2087
2083
2075
2071
2067
6151
0
0
0
0
2060
3649
3594
2075
3655
2104
2053
3627
3590
3587
2100
3621
2135
3658
2131
2076
3617
2127
2050
2123
2119
2115
2111
2099
2095
2091
2087
2083
2071
2067
6155
0
0
0
0
0
3656
2097
3586
2079
0
0
2060
0
3617
2074
3591
0
3648
2127
3655
2053
2106
3627
2048
3595
2135
2131
2057
2102
3620
2123
2119
2115
2111
2095
2091
2087
2083
2071
6163
0
0
0
0
0
3656
2101
3586
3595
0
0
2060
0
2097
2058
2075
0
2052
2127
3655
2049
3650
3627
3620
3591
2135
2131
2077
2106
3616
2123
2119
2115
2111
2095
2091
2087
2083
2071
6163
2123
2119
3588
2077
3656
3594
2060
3649
3624
3652
3620
3584
2132
2128
2124
2073
2102
2115
2053
2111
2106
3617
2099
2050
2095
2091
2087
2083
2071
2067
6155
0
2111
0
2127
3655
3623
2052
3617
3658
3595
2135
2131
2123
2048
2101
2074
2119
2115
2095
2091
2060
3589
3650
2087
2083
2071
2067
2056
3585
3626
0
0
0
0
2076
2097
6202
2135
2131
2123
2048
2057
2098
2119
3616
2053
3656
2115
2060
2077
3624
2106
2124
3649
3592
3652
3620
3588
2073
2102
2111
2095
2091
2087
3586
2083
2071
6163
3659
3655
3627
3648
3585
2098
3623
2072
3595
2057
3591
2048
2106
2053
2135
3616
2131
2124
2077
2102
2123
2119
2115
2111
2095
2091
2087
2083
2071
2067
6159
0
0
0
0
0
0
2048
2103
0
3657
3622
2115
0
2052
2063
3651
3619
3587
2135
3653
2068
3590
2131
2127
2123
2119
2111
2064
2095
3593
2098
2091
2087
2083
2104
2079
2075
0
2058
7721
0
0
0
0
0
3627
2100
2097
3622
3591
0
2115
0
2048
2069
2063
3654
3651
3619
3595
2052
2065
3587
2135
2058
2131
3656
2127
2105
2123
2119
2111
2095
2091
2087
2083
2079
6171
0
0
0
0
0
3623
2100
3625
3658
2063
0
2115
0
2048
2069
3595
2098
3651
3619
3591
2052
2065
3587
2135
2058
2131
3652
2127
2105
2123
2119
2111
2095
2091
2087
2083
2079
6171
0
0
0
0
0
3595
2100
2057
3590
2063
0
2115
0
2048
2069
3623
3654
3651
3627
3619
2052
2065
3587
2135
2098
2131
3656
2127
2105
2123
2119
2111
2095
2091
2087
2083
2079
6171
0
3591
0
2063
0
3623
2068
2101
2058
2115
3651
3627
3595
2048
2135
2097
2131
3654
2127
2123
3616
2119
3657
2111
2095
2091
2066
2072
2087
3585
2083
2079
0
0
2104
6150
0
0
0
0
0
0
2071
0
3616
0
2057
3658
0
2107
0
0
0
3592
0
2097
2051
0
3654
2115
3651
3627
2072
3591
2061
2135
2131
2127
2123
2066
2119
3584
2111
3621
2095
2091
2087
2083
2079
0
2100
6150
0
0
0
0
0
3591
2100
3593
3658
2063
0
3627
0
2048
2069
2115
2058
3651
3623
3619
2052
2065
3587
2135
2098
2131
3652
2127
2105
2123
2119
2111
2095
2091
2087
2083
2079
6171
0
0
0
0
0
0
2071
0
3616
0
2057
3658
0
2107
0
0
0
2072
0
2097
2051
0
3654
2115
3651
3623
3588
3595
3625
2135
2131
2127
2123
2066
2119
3584
2111
2061
2095
2091
2087
2083
2079
0
2100
6150
0
2115
0
3627
0
2063
2068
2101
3658
3595
3651
3623
3591
2048
2135
2097
2131
2058
2127
2123
3616
2119
3653
2111
2095
2091
2066
2072
2087
3585
2083
2079
0
0
2104
6150
0
0
0
0
0
3627
2100
3589
3622
2063
0
3655
0
2048
2069
2115
2098
3659
3651
3619
2052
2065
3587
2135
2058
2131
3592
2127
2105
2123
2119
2111
2095
2091
2087
2083
2079
6171
3659
3619
3595
2135
2131
2127
2064
2105
3622
2123
2119
2111
2095
2076
2101
2091
2087
2058
2083
2075
3584
3649
0
0
0
0
2050
2052
3625
3588
0
3652
0
2060
0
2112
2097
6166
0
0
0
0
0
0
2067
0
2076
0
3621
2058
0
2103
0
0
0
3592
0
3585
2055
0
2050
2115
3659
3619
2060
3591
3653
2135
2131
2127
2123
2070
2104
2119
2111
3649
2095
2091
2087
2083
2096
2075
7722
0
0
0
0
0
0
2079
2100
2049
3590
2115
0
3655
0
2063
2096
2057
3623
2070
3659
3627
3587
2072
2135
3593
2131
2127
2066
2123
3616
2119
2111
2105
2095
2091
2087
3648
2054
6179
0
0
0
2106
0
0
0
3616
2053
2102
3587
2114
0
3654
0
2068
3649
2062
0
3622
2059
2126
0
2064
2077
3590
3658
2096
3626
3594
2134
2130
2073
2122
2118
2110
2094
2090
2086
2082
6147
0
0
0
0
0
0
0
0
0
0
0
2056
3585
3622
2051
0
0
0
0
0
0
0
0
2052
2069
3618
3655
0
2096
0
0
0
0
2104
0
0
2065
3594
2100
3651
2112
0
2108
0
2124
3656
3624
3588
2132
2128
2120
2116
2092
2088
2084
2080
2061
2074
6175
0
0
0
0
0
0
0
0
3624
2079
2065
3594
0
0
0
0
0
2100
2099
0
0
2053
3590
0
0
0
3616
2059
0
2115
2105
3659
3623
2050
3587
2072
2135
2131
2127
3653
2123
2119
2111
2095
2060
2070
2091
2087
3649
6179
0
0
0
0
0
0
0
0
0
3624
2063
2069
2078
0
0
2099
0
0
0
2072
2107
0
0
2057
2050
2103
0
2115
0
3616
2127
3659
3623
2053
3595
2135
3650
2131
2123
2064
2119
2111
2095
3653
2091
2087
2083
0
3586
7684
0
0
0
0
0
0
0
0
0
3648
2063
2065
2054
0
0
2099
0
0
0
3624
2107
0
0
3617
2074
2103
0
2115
0
2076
2127
3659
3623
2049
3591
2135
3586
2131
2123
3592
2119
2111
2095
3653
2091
2087
2083
0
2058
6164
0
0
0
0
0
3623
2100
3625
2058
3659
0
2063
0
2048
2069
2115
2098
3655
3651
3619
2052
2065
3587
2135
3594
2131
3588
2127
2105
2123
2119
2111
2095
2091
2087
2083
2079
6171
0
0
0
0
0
0
2067
0
2076
0
3621
2058
0
2103
0
0
0
2060
0
3657
2055
0
2050
2115
3655
3619
3588
3595
3585
2135
2131
2127
2123
2070
2104
2119
2111
3649
2095
2091
2087
2083
2096
2075
7722
3655
3619
3591
2135
2131
2127
2064
2105
2070
2123
2119
2111
2095
2076
2101
2091
2087
2058
2083
2075
3584
3649
0
0
0
0
2050
2052
3621
3656
0
2112
0
2060
0
3592
2097
7722
0
0
0
0
0
0
0
0
2100
2079
2065
3594
0
0
0
0
0
3620
2099
0
0
2053
3590
0
0
0
3616
2059
0
2115
3657
3655
3627
2050
3587
2072
2135
2131
2127
2105
2123
2119
2111
2095
2060
2070
2091
2087
3649
6179
0
0
0
0
0
0
0
0
0
3648
2063
2065
2054
0
0
2099
0
0
0
2076
2107
0
0
3617
2074
2103
0
2115
0
3620
2127
3655
3627
3657
3595
2135
3586
2131
2123
2068
2119
2111
2095
2049
2091
2087
2083
0
2058
7684
0
0
0
0
0
0
0
0
0
2072
2063
2069
2078
0
0
2099
0
0
0
3620
2107
0
0
2057
2050
2103
0
2115
0
3616
2127
3655
3627
3657
3591
2135
3650
2131
2123
3592
2119
2111
2095
2053
2091
2087
2083
0
3586
6160
0
0
0
0
0
0
2079
2100
2049
3594
3659
0
2115
0
3627
2096
2057
2063
2070
3655
3623
3587
2072
2135
3589
2131
2127
2066
2123
3616
2119
2111
2105
2095
2091
2087
3648
2054
6179
0
0
0
0
0
0
0
0
0
0
0
2056
3585
2078
3659
0
0
0
0
0
0
0
0
2052
2069
3618
2051
0
2096
0
0
0
0
2104
0
0
2065
2074
2100
3651
2112
0
2108
0
2124
3652
3620
3592
2132
2128
2120
2116
2092
2088
2084
2080
2061
3590
7723
0
0
0
2106
0
0
0
3616
2053
2102
3587
3658
0
2114
0
2068
3649
3626
0
2062
2059
3594
0
2064
2077
2126
3654
2096
3622
3590
2134
2130
2073
2122
2118
2110
2094
2090
2086
2082
6147
0
0
0
2107
0
0
0
3616
2053
3586
2103
0
2127
0
2115
2068
3649
3659
3655
2058
3627
3623
3595
2064
2077
3591
2135
2096
2050
2131
2123
2119
2073
2111
2095
2091
2087
2083
6159
0
0
0
0
0
0
0
0
0
0
0
0
0
0
0
0
0
0
0
0
0
0
0
0
0
0
0
0
0
0
0
0
0
0
0
0
0
0
0
0
0
0
0
0
0
0
0
0
0
0
0
0
0
0
0
0
0
0
0
0
0
0
0
0
0
0
0
0
0
0
0
0
0
0
0
0
0
0
0
0
0
0
0
0
0
0
0
0
0
0
0
0
0
0
0
0
0
0
0
0
0
0
0
0
0
0
0
0
0
0
0
0
0
0
0
0
0
0
0
0
0
0
0
0
0
0
0
0
0
0
0
0
0
0
0
0
0
0
0
0
0
0
0
0
0
0
0
0
0
0
0
0
0
0
0
0
0
0
0
0
0
0
0
0
0
0
0
0
0
0
0
0
0
0
0
0
0
0
0
0
0
0
0
0
0
0
0
0
0
0
0
0
0
0
0
0
0
0
0
0
0
0
0
0
0
0
0
0
0
0
0
0
0
0
0
0
0
0
0
0
0
0
0
0
0
0
0
0
0
0
0
0
0
0
0
0
0
0
0
0
0
0
0
0
0
0
0
0
0
0
0
0
0
0
0
0
0
0
0
0
0
0
0
0
0
0
0
0
0
0
0
0
0
0
0
0
0
0
0
0
0
0
0
0
0
0
0
0
0
0
0
0
0
0
0
0
0
0
0
0
0
0
0
0
0
0
0
0
0
0
0
0
0
0
0
0
0
0
0
0
0
0
0
0
0
0
0
0
0
0
0
0
0
0
0
0
0
0
0
0
0
0
0
0
0
0
0
0
0
0
0
0
0
0
0
0
0
0
0
0
0
0
0
0
0
0
0
0
0
0
0
0
0
0
0
0
0
0
0
0
0
0
0
0
0
0
0
0
0
0
0
0
0
0
0
0
0
0
0
0
0
0
0
0
0
0
0
0
0
0
0
0
0
0
0
0
0
0
0
0
0
0
0
0
0
0
0
0
0
0
0
0
0
0
0
0
0
0
0
0
0
0
0
0
0
0
0
0
0
0
0
0
0
0
0
0
0
0
0
0
0
0
0
0
0
0
0
0
0
0
0
0
0
0
0
0
0
0
0
0
0
0
0
0
0
0
0
0
0
0
0
0
0
0
0
0
0
0
0
0
0
0
0
0
0
0
0
0
0
0
0
0
0
0
0
0
0
0
0
0
0
0
0
0
0
0
0
0
0
0
0
0
0
0
0
0
0
0
0
0
0
0
0
0
0
0
0
0
0
0
0
0
0
0
0
0
0
0
0
0
0
0
0
0
0
0
0
0
0
0
0
0
0
0
0
0
0
0
0
0
0
0
0
0
0
0
0
0
0
0
0
0
0
0
0
0
0
0
0
0
0
0
0
0
0
0
0
0
0
0
0
0
0
0
0
0
0
0
0
0
0
0
0
0
0
0
0
0
0
0
0
0
0
0
0
0
0
0
0
0
0
0
0
0
0
0
0
0
0
0
0
0
0
0
0
0
0
0
0
0
0
0
0
0
0
0
0
0
0
0
0
0
0
0
0
0
0
0
0
0
0
0
0
0
0
0
0
0
0
0
0
0
0
0
0
0
0
0
0
0
0
0
0
0
0
0
0
0
0
0
0
0
0
0
0
0
0
0
0
0
0
0
0
0
0
0
0
0
0
0
0
0
0
0
0
0
0
0
0
0
0
0
0
0
0
0
0
0
0
0
0
0
0
0
0
0
0
0
0
0
0
0
0
0
0
0
0
0
0
0
0
0
0
0
0
0
0
0
0
0
0
0
0
0
0
0
0
0
0
0
0
0
0
0
0
0
0
0
0
0
0
0
0
0
0
0
0
0
0
0
0
0
0
0
0
0
0
0
0
0
0
0
0
0
0
0
0
0
0
0
0
0
0
0
0
0
0
0
0
0
0
0
0
0
0
0
0
0
0
0
0
0
0
0
0
0
0
0
0
0
0
0
0
0
0
0
0
0
0
0
0
0
0
0
0
0
0
0
0
0
0
0
0
0
0
0
0
0
0
0
0
0
0
0
0
0
0
0
0
0
0
0
0
0
0
0
0
0
0
0
0
0
0
0
0
0
0
0
0
0
0
0
0
0
0
0
0
0
0
0
0
0
0
0
0
0
0
0
0
0
0
0
0
0
0
0
0
0
0
0
0
0
0
0
0
0
0
0
0
0
0
0
0
0
0
0
0
0
0
0
0
0
0
0
0
0
0
0
0
0
0
0
0
0
0
0
0
0
0
0
0
0
0
0
0
0
0
0
0
0
0
0
0
0
0
0
0
0
0
0
0
0
0
0
0
0
0
0
0
0
0
0
0
0
0
0
0
0
0
0
0
0
0
0
0
0
0
0
0
0
0
0
0
0
0
0
0
0
0
0
0
0
0
0
0
0
0
0
0
0
0
0
0
0
0
0
0
0
0
0
0
0
0
0
0
0
0
0
0
0
0
0
0
0
0
0
0
0
0
0
0
0
0
0
0
0
0
0
0
0
0
0
0
0
0
0
0
0
0
0
0
0
0
0
0
0
0
0
0
0
0
0
0
0
0
0
0
0
0
0
0
0
0
0
0
0
0
0
0
0
0
0
0
0
0
0
0
0
0
0
0
0
0
0
0
0
0
0
0
0
0
0
0
0
0
0
0
0
0
0
0
0
0
0
0
0
0
0
0
0
0
0
0
0
0
0
0
0
0
0
0
0
0
0
0
0
0
0
0
0
0
0
0
0
0
0
0
0
0
0
0
0
0
0
0
0
0
0
0
0
0
0
0
0
0
0
0
0
0
0
0
0
0
0
0
0
0
0
0
0
0
0
0
0
0
0
0
0
0
0
0
0
0
0
0
0
0
0
0
0
0
0
0
0
0
0
0
0
0
0
0
0
0
0
0
0
0
0
0
0
0
0
0
0
0
0
0
0
0
0
0
0
0
0
0
0
0
0
0
0
0
0
0
0
0
0
0
0
0
0
0
0
0
0
0
0
0
0
0
0
0
0
0
0
0
0
0
0
0
0
0
0
0
0
0
0
0
0
0
0
0
0
0
0
0
0
0
0
0
0
0
0
0
0
0
0
0
0
0
0
0
0
0
0
0
0
0
0
0
0
0
0
0
0
0
0
0
0
0
0
0
0
0
0
0
0
0
0
0
0
0
0
0
0
0
0
0
0
0
0
0
0
0
0
0
0
0
0
0
0
0
0
0
0
0
0
0
0
0
0
0
0
0
0
0
0
0
0
0
0
0
0
0
0
0
0
0
0
0
0
0
0
0
0
0
0
0
0
0
0
0
0
0
0
0
0
0
0
0
0
0
0
0
0
0
0
0
0
0
0
0
0
0
0
0
0
0
0
0
0
0
0
0
0
0
0
0
0
0
0
0
0
0
0
0
0
0
0
0
0
0
0
0
0
0
0
0
0
0
0
0
0
0
0
0
0
0
0
0
0
0
0
0
0
0
0
0
0
0
0
0
0
0
0
0
0
0
0
0
0
0
0
0
0
0
0
0
0
0
0
0
0
0
0
0
0
0
0
0
0
0
0
0
0
0
0
0
0
0
0
0
0
0
0
0
0
0
0
0
0
0
0
0
0
0
0
0
0
0
0
0
0
0
0
0
0
0
0
0
0
0
0
0
0
0
0
0
0
0
0
0
0
0
0
0
0
0
0
0
0
0
0
0
0
0
0
0
0
0
0
0
0
0
0
0
0
0
0
0
0
0
0
0
0
0
0
0
0
0
0
0
0
0
0
0
0
0
0
0
0
0
0
0
0
0
0
0
0
0
0
0
0
0
0
0
0
0
0
0
0
0
0
0
0
0
0
0
0
0
0
0
0
0
0
0
0
0
0
0
0
0
0
0
0
0
0
0
0
0
0
0
0
0
0
0
0
0
0
0
0
0
0
0
0
0
0
0
0
0
0
0
0
0
0
0
0
0
0
0
0
0
0
0
0
0
0
0
0
0
0
0
0
0
0
0
0
0
0
0
0
0
0
0
0
0
0
0
0
0
0
0
0
0
0
0
0
0
0
0
0
0
0
0
0
0
0
0
0
0
0
0
0
0
0
0
0
0
0
0
0
0
0
0
0
0
0
0
0
0
0
0
0
0
0
0
0
0
0
0
0
0
0
0
0
0
0
0
0
0
0
0
0
0
0
0
0
0
0
0
0
0
0
0
0
0
0
0
0
0
0
0
0
0
0
0
0
0
0
0
0
0
0
0
0
0
0
0
0
0
0
0
0
0
0
0
0
0
0
0
0
0
0
0
0
0
0
0
0
0
0
0
0
0
0
0
0
0
0
0
0
0
0
0
0
0
0
0
0
0
0
0
0
0
0
0
0
0
0
0
0
0
0
0
0
0
0
0
0
0
0
0
0
0
0
0
0
0
0
0
0
0
0
0
0
0
