int
2097
2093
2056
2077
2073
2088
0
0
2084
0
0
2080
3626
3659
2052
0
0
2048
0
0
2068
0
0
2064
3622
3655
2060
0
2104
3648
3616
3584
2116
2112
2108
2100
3590
7691
0
0
2088
2071
0
3588
3657
2067
2084
3622
2107
2080
3625
3651
2052
2061
3619
2048
2057
3654
3595
3587
2119
2115
2111
2103
2099
2095
2079
6171
0
0
3592
2071
0
2088
3653
2067
2084
3658
2107
2080
3621
3651
2052
2061
3619
2048
2057
3626
3591
3587
2119
2115
2111
2103
2099
2095
2079
6171
0
0
3620
2071
0
2088
3657
2067
2084
3590
2107
2080
3593
3651
2052
2061
3627
2048
2057
3654
3619
3587
2119
2115
2111
2103
2099
2095
2079
6171
0
0
2059
0
0
2055
2080
2073
2107
3651
3627
3595
3654
3584
2069
2119
2088
2115
2111
2048
2103
3617
3620
3658
2099
2060
2095
2079
3588
2085
6162
0
0
0
0
0
0
0
0
0
3584
3621
2075
3658
0
0
0
0
0
0
2084
3617
2071
0
0
2091
3654
0
2063
0
2080
3593
2107
3651
3627
3591
2066
2119
2115
2111
2052
2057
2103
2099
2095
2079
6146
0
0
2056
2071
0
2088
3653
2067
2084
3658
2107
2080
3589
3651
2052
2061
3623
2048
3625
3594
3619
3587
2119
2115
2111
2103
2099
2095
2079
6171
0
0
0
0
0
0
0
0
0
3584
2049
2075
3658
0
0
0
0
0
0
2084
3617
2071
0
0
2091
3654
0
2063
0
2080
2057
2107
3651
3623
3595
2066
2119
2115
2111
2052
3589
2103
2099
2095
2079
7722
0
0
2059
0
0
2055
2080
2073
2107
3651
3623
3591
3658
3584
2069
2119
2088
2115
2111
3624
2103
3617
2048
3654
2099
3592
2095
2079
2060
2085
6162
0
0
2056
2071
0
2088
3593
2067
2084
3622
2107
2080
3625
3659
2052
2061
3651
2048
3653
3590
3619
3587
2119
2115
2111
2103
2099
2095
2079
6171
0
0
2059
0
0
2055
2080
2061
2107
3659
3619
3595
3622
3584
3649
2119
2084
2115
2111
3652
2103
2089
2048
3626
2099
2064
2095
2075
3588
2069
6174
0
0
0
0
0
0
0
0
0
3584
3649
2055
3622
0
0
0
0
0
0
2056
2061
2071
0
0
2087
3626
0
2067
0
2080
3593
2107
3659
3619
3591
2050
2119
2115
2111
2076
2089
2103
2099
2095
2075
7750
0
0
3623
0
0
2059
3616
2085
2055
0
0
2051
3590
2072
3649
2107
3659
3627
3587
2119
2060
2065
3594
2080
2115
2111
3652
2103
2077
2068
2090
2099
6191
0
0
3623
0
0
2055
0
0
3591
0
3584
2065
2078
2107
3659
3627
3595
2119
2115
2111
2103
2084
3617
2074
2099
2095
0
0
0
0
0
0
2080
2061
3650
2048
0
0
3652
0
0
2056
0
0
2089
6166
0
0
0
0
0
0
0
0
0
0
0
0
0
2068
3617
2086
2051
0
0
0
0
0
0
0
0
0
0
2064
3593
3654
2091
0
2107
3659
3627
3591
2119
2115
2111
2103
2099
2060
2077
3650
2095
0
0
0
0
0
0
0
0
0
0
2056
3585
2082
0
0
0
0
0
0
0
0
0
0
0
2052
2073
7718
0
0
0
0
0
0
0
0
0
2048
2085
3650
3595
0
0
0
0
0
0
2064
2053
3626
0
0
0
3591
0
0
0
2060
2077
2090
2080
0
0
2068
2059
2104
3656
3620
3584
2116
2112
2108
2100
2096
2092
2073
3618
7751
0
0
0
0
0
0
0
0
0
0
0
0
0
2068
3617
2086
2051
0
0
0
0
0
0
0
0
0
0
2064
2077
3654
2091
0
2107
3659
3623
3595
2119
2115
2111
2103
2099
2060
3589
3650
2095
0
0
0
0
0
0
0
0
0
0
2056
3585
3626
0
0
0
0
0
0
0
0
0
0
0
2052
2073
6178
0
0
0
0
0
0
0
0
0
0
0
0
0
2068
3617
2086
2051
0
0
0
0
0
0
0
0
0
0
2064
3593
3654
2091
0
2107
3659
3623
3591
2119
2115
2111
2103
2099
2060
2077
3650
2095
0
0
0
0
0
0
0
0
0
0
2056
3585
3626
0
0
0
0
0
0
0
0
0
0
0
2052
2073
6178
0
0
2056
2071
0
2088
3589
2067
2084
3594
2107
2080
3621
3655
2052
3657
3651
2048
2061
3626
3619
3587
2119
2115
2111
2103
2099
2095
2079
6171
0
0
0
0
0
0
0
0
0
3584
3649
2055
3622
0
0
0
0
0
0
2056
2061
2071
0
0
2087
3626
0
2067
0
2080
2089
2107
3655
3619
3595
3658
2119
2115
2111
2076
3589
2103
2099
2095
2075
6146
0
0
2059
0
0
2055
2080
2061
2107
3655
3619
3591
3626
3584
3649
2119
3656
2115
2111
2084
2103
2089
2048
3622
2099
3592
2095
2075
2064
2069
6174
0
0
0
0
0
0
0
0
0
2048
2085
3650
3595
0
0
0
0
0
0
2064
2053
2090
0
0
0
3591
0
0
0
2060
2077
3622
2080
0
0
2068
3659
2104
3652
3624
3584
2116
2112
2108
2100
2096
2092
2073
3618
6155
0
0
0
0
0
0
0
0
0
0
0
0
0
2068
3617
3658
2051
0
0
0
0
0
0
0
0
0
0
2064
2077
2086
2091
0
2107
3655
3627
3595
2119
2115
2111
2103
2099
2060
3589
3650
2095
0
0
0
0
0
0
0
0
0
0
2056
3585
2082
0
0
0
0
0
0
0
0
0
0
0
2052
2073
7718
0
0
0
0
0
0
0
0
0
0
0
0
0
2068
3617
3658
2051
0
0
0
0
0
0
0
0
0
0
2064
3593
2086
2091
0
2107
3655
3627
3591
2119
2115
2111
2103
2099
2060
2077
3650
2095
0
0
0
0
0
0
0
0
0
0
2056
3585
2082
0
0
0
0
0
0
0
0
0
0
0
2052
2073
7718
0
0
2071
0
0
2059
3616
2085
2055
0
0
2051
3594
2072
3649
2107
3655
3623
3587
2119
2060
2065
3590
3656
2115
2111
2080
2103
2077
3624
2090
2099
6191
0
0
0
0
0
0
0
0
0
0
0
0
0
2068
3617
3658
2051
0
0
0
0
0
0
0
0
0
0
2064
2077
2086
2091
0
2107
3655
3623
3595
2119
2115
2111
2103
2099
2060
3589
3650
2095
0
0
0
0
0
0
0
0
0
0
2056
3585
3626
0
0
0
0
0
0
0
0
0
0
0
2052
2073
6178
0
0
2059
0
0
3595
0
0
2055
0
3584
2065
2078
2107
3655
3623
3591
2119
2115
2111
2103
2084
3617
2074
2099
2095
0
0
0
0
0
0
2080
2061
3650
3656
0
0
2048
0
0
3624
0
0
2089
6166
0
0
0
0
0
0
0
0
0
0
2060
2069
2078
2087
0
0
0
0
0
0
0
2088
2065
2074
2083
3659
3655
3627
3623
3595
3591
2119
3584
3617
3650
2115
2111
2107
2103
2099
2095
2059
2055
6147
0
0
0
0
0
0
0
0
0
0
0
0
0
0
0
0
0
0
0
0
0
0
0
0
0
0
0
0
0
0
0
0
0
0
0
0
0
0
0
0
0
0
0
0
0
0
0
0
0
0
0
0
0
0
0
0
0
0
0
0
0
0
0
0
0
0
0
0
0
0
0
0
0
0
0
0
0
0
0
0
0
0
0
0
0
0
0
0
0
0
0
0
0
0
0
0
0
0
0
0
0
0
0
0
0
0
0
0
0
0
0
0
0
0
0
0
0
0
0
0
0
0
0
0
0
0
0
0
0
0
0
0
0
0
0
0
0
0
0
0
0
0
0
0
0
0
0
0
0
0
0
0
0
0
0
0
0
0
0
0
0
0
0
0
0
0
0
0
0
0
0
0
0
0
0
0
0
0
0
0
0
0
0
0
0
0
0
0
0
0
0
0
0
0
0
0
0
0
0
0
0
0
0
0
0
0
0
0
0
0
0
0
0
0
0
0
0
0
0
0
0
0
0
0
0
0
0
0
0
0
0
0
0
0
0
0
0
0
0
0
0
0
0
0
0
0
0
0
0
0
0
0
0
0
0
0
0
0
0
0
0
0
0
0
0
0
0
0
0
0
0
0
0
0
0
0
0
0
0
0
0
0
0
0
0
0
0
0
0
0
0
0
0
0
0
0
0
0
0
0
0
0
0
0
0
0
0
0
0
0
0
0
0
0
0
0
0
0
0
0
0
0
0
0
0
0
0
0
0
0
0
0
0
0
0
0
0
0
0
0
0
0
0
0
0
0
0
0
0
0
0
0
0
0
0
0
0
0
0
0
0
0
0
0
0
0
0
0
0
0
0
0
0
0
0
0
0
0
0
0
0
0
0
0
0
0
0
0
0
0
0
0
0
0
0
0
0
0
0
0
0
0
0
0
0
0
0
0
0
0
0
0
0
0
0
0
0
0
0
0
0
0
0
0
0
0
0
0
0
0
0
0
0
0
0
0
0
0
0
0
0
0
0
0
0
0
0
0
0
0
0
0
0
0
0
0
0
0
0
0
0
0
0
0
0
0
0
0
0
0
0
0
0
0
0
0
0
0
0
0
0
0
0
0
0
0
0
0
0
0
0
0
0
0
0
0
0
0
0
0
0
0
0
0
0
0
0
0
0
0
0
0
0
0
0
0
0
0
0
0
0
0
0
0
0
0
0
0
0
0
0
0
0
0
0
0
0
0
0
0
0
0
0
0
0
0
0
0
0
0
0
0
0
0
0
0
0
0
0
0
0
0
0
0
0
0
0
0
0
0
0
0
0
0
0
0
0
0
0
0
0
0
0
0
0
0
0
0
0
0
0
0
0
0
0
0
0
0
0
0
0
0
0
0
0
0
0
0
0
0
0
0
0
0
0
0
0
0
0
0
0
0
0
0
0
0
0
0
0
0
0
0
0
0
0
0
0
0
0
0
0
0
0
0
0
0
0
0
0
0
0
0
0
0
0
0
0
0
0
0
0
0
0
0
0
0
0
0
0
0
0
0
0
0
0
0
0
0
0
0
0
0
0
0
0
0
0
0
0
0
0
0
0
0
0
0
0
0
0
0
0
0
0
0
0
0
0
0
0
0
0
0
0
0
0
0
0
0
0
0
0
0
0
0
0
0
0
0
0
0
0
0
0
0
0
0
0
0
0
0
0
0
0
0
0
0
0
0
0
0
0
0
0
0
0
0
0
0
0
0
0
0
0
0
0
0
0
0
0
0
0
0
0
0
0
0
0
0
0
0
0
0
0
0
0
0
0
0
0
0
0
0
0
0
0
0
0
0
0
0
0
0
0
0
0
0
0
0
0
0
0
0
0
0
0
0
0
0
0
0
0
0
0
0
0
0
0
0
0
0
0
0
0
0
0
0
0
0
0
0
0
0
0
0
0
0
0
0
0
0
0
0
0
0
0
0
0
0
0
0
0
0
0
0
0
0
0
0
0
0
0
0
0
0
0
0
0
0
0
0
0
0
0
0
0
0
0
0
0
0
0
0
0
0
0
0
0
0
0
0
0
0
0
0
0
0
0
0
0
0
0
0
0
0
0
0
0
0
0
0
0
0
0
0
0
0
0
0
0
0
0
0
0
0
0
0
0
0
0
0
0
0
0
0
0
0
0
0
0
0
0
0
0
0
0
0
0
0
0
0
0
0
0
0
0
0
0
0
0
0
0
0
0
0
0
0
0
0
0
0
0
0
0
0
0
0
0
0
0
0
0
0
0
0
0
0
0
0
0
0
0
0
0
0
0
0
0
0
0
0
0
0
0
0
0
0
0
0
0
0
0
0
0
0
0
0
0
0
0
0
0
0
0
0
0
0
0
0
0
0
0
0
0
0
0
0
0
0
0
0
0
0
0
0
0
0
0
0
0
0
0
0
0
0
0
0
0
0
0
0
0
0
0
0
0
0
0
0
0
0
0
0
0
0
0
0
0
0
0
0
0
0
0
0
0
0
0
0
0
0
0
0
0
0
0
0
0
0
0
0
0
0
0
0
0
0
0
0
0
0
0
0
0
0
0
0
0
0
0
0
0
0
0
0
0
0
0
0
0
0
0
0
0
0
0
0
0
0
0
0
0
0
0
0
0
0
0
0
0
0
0
0
0
0
0
0
0
0
0
0
0
0
0
0
0
0
0
0
0
0
0
0
0
0
0
0
0
0
0
0
0
0
0
0
0
0
0
0
0
0
0
0
0
0
0
0
0
0
0
0
0
0
0
0
0
0
0
0
0
0
0
0
0
0
0
0
0
0
0
0
0
0
0
0
0
0
0
0
0
0
0
0
0
0
0
0
0
0
0
0
0
0
0
0
0
0
0
0
0
0
0
0
0
0
0
0
0
0
0
0
0
0
0
0
0
0
0
0
0
0
0
0
0
0
0
0
0
0
0
0
0
0
0
0
0
0
0
0
0
0
0
0
0
0
0
0
0
0
0
0
0
0
0
0
0
0
0
0
0
0
0
0
0
0
0
0
0
0
0
0
0
0
0
0
0
0
0
0
0
0
0
0
0
0
0
0
0
0
0
0
0
0
0
0
0
0
0
0
0
0
0
0
0
0
0
0
0
0
0
0
0
0
0
0
0
0
0
0
0
0
0
0
0
0
0
0
0
0
0
0
0
0
0
0
0
0
0
0
0
0
0
0
0
0
0
0
0
0
0
0
0
0
0
0
0
0
0
0
0
0
0
0
0
0
0
0
0
0
0
0
0
0
0
0
0
0
0
0
0
0
0
0
0
0
0
0
0
0
0
0
0
0
0
0
0
0
0
0
0
0
0
0
0
0
0
0
0
0
0
0
0
0
0
0
0
0
0
0
0
0
0
0
0
0
0
0
0
0
0
0
0
0
0
0
0
0
0
0
0
0
0
0
0
0
0
0
0
0
0
0
0
0
0
0
0
0
0
0
0
0
0
0
0
0
0
0
0
0
0
0
0
0
0
0
0
0
0
0
0
0
0
0
0
0
0
0
0
0
0
0
0
0
0
0
0
0
0
0
0
0
0
0
0
0
0
0
0
0
0
0
0
0
0
0
0
0
0
0
0
0
0
0
0
0
0
0
0
0
0
0
0
0
0
0
0
0
0
0
0
0
0
0
0
0
0
0
0
0
0
0
0
0
0
0
0
0
0
0
0
0
0
0
0
0
0
0
0
0
0
0
0
0
0
0
0
0
0
0
0
0
0
0
0
0
0
0
0
0
0
0
0
0
0
0
0
0
0
0
0
0
0
0
0
0
0
0
0
0
0
0
0
0
0
0
0
0
0
0
0
0
0
0
0
0
0
0
0
0
0
0
0
0
0
0
0
0
0
0
0
0
0
0
0
0
0
0
0
0
0
0
0
0
0
0
0
0
0
0
0
0
0
0
0
0
0
0
0
0
0
0
0
0
0
0
0
0
0
0
0
0
0
0
0
0
0
0
0
0
0
0
0
0
0
0
0
0
0
0
0
0
0
0
0
0
0
0
0
0
0
0
0
0
0
0
0
0
0
0
0
0
0
0
0
0
0
0
0
0
0
0
0
0
0
0
0
0
0
0
0
0
0
0
0
0
0
0
0
0
0
0
0
0
0
0
0
0
0
0
0
0
0
0
0
0
0
0
0
0
0
0
0
0
0
0
0
0
0
0
0
0
0
0
0
0
0
0
0
0
0
0
0
0
0
0
0
0
0
0
0
0
0
0
0
0
0
0
0
0
0
0
0
0
0
0
0
0
0
0
0
0
0
0
0
0
0
0
0
0
0
0
0
0
0
0
0
0
0
0
0
0
0
0
0
0
0
0
0
0
0
0
0
0
0
0
0
0
0
0
0
0
0
0
0
0
0
0
0
0
0
0
0
0
0
0
0
0
0
0
0
0
0
0
0
0
0
0
0
0
0
0
0
0
0
0
0
0
0
0
0
0
0
0
0
0
0
0
0
0
0
0
0
0
0
0
0
0
0
0
0
0
0
0
0
0
0
0
0
0
0
0
0
0
0
0
0
0
0
0
0
0
0
0
0
0
0
0
0
0
0
0
0
0
0
0
0
0
0
0
0
0
0
0
0
0
0
0
0
0
0
0
0
0
0
0
0
0
0
0
0
0
0
0
0
0
0
0
0
0
0
0
0
0
0
0
0
0
0
0
0
0
0
0
0
0
0
0
0
0
0
0
0
0
0
0
0
0
0
0
0
0
0
0
0
0
0
0
0
0
0
0
0
0
0
0
0
0
0
0
0
0
0
0
0
0
0
0
0
0
0
0
0
0
0
0
0
0
0
0
0
0
0
0
0
0
0
0
0
0
0
0
0
0
0
0
0
0
0
0
0
0
0
0
0
0
0
0
0
0
0
0
0
0
0
0
0
0
0
0
0
0
0
0
0
0
0
0
0
0
0
0
0
0
0
0
0
0
0
0
0
0
0
0
0
0
0
0
0
0
0
0
0
0
0
0
0
0
0
0
0
0
0
0
0
0
0
0
0
0
0
0
0
0
0
0
0
0
0
0
0
0
0
0
0
0
0
0
0
0
0
0
0
0
0
0
0
0
0
0
0
0
0
0
0
0
0
0
0
0
0
0
0
0
0
0
0
0
0
0
0
0
0
0
0
0
0
0
0
0
0
0
0
0
0
0
0
0
0
0
0
0
0
0
0
0
0
0
0
0
0
0
0
0
0
0
0
0
0
0
0
0
0
0
0
0
0
0
0
0
0
0
0
0
0
0
0
0
0
0
0
0
0
0
0
0
0
0
0
0
0
0
0
0
0
0
0
0
0
0
0
0
0
0
0
0
0
0
0
0
0
0
0
0
0
0
0
0
0
0
0
0
0
0
0
0
0
0
0
0
0
0
0
0
0
0
0
0
0
0
0
0
0
0
0
0
0
0
0
0
0
0
0
0
0
0
0
0
0
0
0
0
0
0
0
0
0
0
0
0
0
0
0
0
0
0
0
0
0
0
0
0
0
0
0
0
0
0
0
0
0
0
0
0
0
0
0
0
0
0
0
0
0
0
0
0
0
0
0
0
0
0
0
0
0
0
0
0
0
0
0
0
0
0
0
0
0
0
0
0
0
0
0
0
0
0
0
0
0
0
0
0
0
0
0
0
0
0
0
0
0
0
0
0
0
0
0
0
0
0
0
0
0
0
0
0
0
0
0
0
0
0
0
0
0
0
0
0
0
0
0
0
0
0
0
0
0
0
0
0
0
0
0
0
0
0
0
0
0
0
0
0
0
0
0
0
0
0
0
0
0
0
0
0
0
0
0
0
0
0
0
0
0
0
0
0
0
0
0
0
0
0
0
0
0
0
0
0
0
0
0
0
0
0
0
0
0
0
0
0
0
0
0
0
0
0
0
0
0
0
0
0
0
0
0
0
0
0
0
0
0
0
0
0
0
0
0
0
0
0
0
0
0
0
0
0
0
0
0
0
0
0
0
0
0
0
0
0
0
0
0
0
0
0
0
0
0
0
0
0
0
0
0
0
0
0
0
0
0
0
0
0
0
0
0
0
0
0
0
0
0
0
0
0
0
0
0
0
0
0
0
0
0
0
0
0
0
0
0
0
0
0
0
0
0
0
0
0
0
0
0
0
0
0
0
0
0
0
0
0
0
0
0
0
0
0
0
0
0
0
0
0
0
0
0
0
0
0
0
0
0
0
0
0
0
0
0
0
0
0
0
0
0
0
0
0
0
0
0
0
0
0
0
0
0
0
0
0
0
0
0
0
0
0
0
0
0
0
0
0
0
0
0
0
0
0
0
0
0
0
0
0
0
0
0
0
0
0
0
0
0
0
0
0
0
0
0
0
0
0
0
0
0
0
0
0
0
0
0
0
0
0
0
0
0
0
0
0
0
0
0
0
0
0
0
0
0
0
0
0
0
0
0
0
0
0
0
0
